0 40 49 3
1 101 63 2.469275
2 195 43 0.535977
3 149 101 0.123415
4 104 230 0.460818
5 473 125 0.424692
6 512 341 2.755761
7 359 201 2.119645
8 446 64 1.043370
9 318 149 2.747059
10 221 331 1.112282
11 89 349 2.962859
12 228 183 2.862963
13 333 315 0.877334
14 511 232 1.729612
15 427 365 1.003346
16 31 277 2.496340
17 46 179 2.836648
18 261 97 0.447699
19 331 50 0.091096
20 402 123 2.534511
21 442 237 2.222421
22 262 282 0.315438
23 288 368 0.225322
24 173 266 2.262766
25 290 220 1.187315
26 495 181 2.608323
27 543 86 0.605927
28 524 28 1.956729
29 126 169 1.847586
30 46 113 2.448566
31 95 299 1.121474
32 37 355 2.540549
33 183 365 1.208231
34 454 301 1.244889
35 562 268 3.001368
36 379 277 2.998203
37 395 226 0.859058
38 436 176 0.203109
39 378 71 0.899981
40 427 28 1.829805
41 270 44 1.315391
42 140 33 2.086528
43 327 262 2.916457
44 229 238 0.416414
45 214 285 0.674548
46 553 377 2.143491
47 509 287 2.912754
48 557 185 1.734885
49 553 143 2.591190
50 199 134 1.227539
