0 300 199 1.900100
1 301 199 1.972435
2 302 198 1.972435
3 303 198 1.972435
4 304 198 1.972435
5 305 197 1.972435
6 306 197 1.972435
7 307 196 1.972435
8 308 196 1.972435
9 309 196 1.972435
10 310 195 1.972435
11 311 195 1.972435
12 311 194 1.972435
13 312 194 1.972435
14 313 194 1.972435
15 314 193 1.972435
16 315 193 1.972435
17 316 193 1.972435
18 317 192 1.972435
19 318 192 1.972435
20 319 191 1.972435
21 320 191 1.972435
22 321 191 1.972435
23 322 190 1.972435
24 323 190 1.972435
25 323 189 1.972435
26 324 189 1.976435
27 324 189 1.980435
28 325 189 1.984435
29 325 189 1.988435
30 326 188 1.992435
31 326 188 1.996435
32 327 188 2.000435
33 327 188 2.004435
34 328 188 2.008435
35 328 187 2.012435
36 328 187 2.016435
37 329 187 2.020435
38 329 187 2.024435
39 330 186 2.028435
40 330 186 2.032434
41 331 186 2.036434
42 332 186 2.036434
43 333 185 2.036434
44 333 185 2.036434
45 334 184 2.036434
46 335 184 2.036434
47 336 183 2.036434
48 337 183 2.036434
49 338 182 2.036434
50 339 182 2.036434
51 340 182 2.036434
52 341 181 2.036434
53 341 181 2.036434
54 342 180 2.036434
55 343 180 2.036434
56 344 179 2.036434
57 345 179 2.036434
58 346 178 2.036434
59 346 178 2.040434
60 347 178 2.044434
61 347 178 2.048434
62 348 177 2.052434
63 348 177 2.056434
64 349 177 2.060434
65 349 177 2.064434
66 349 177 2.068434
67 350 176 2.072434
68 350 176 2.076434
69 351 176 2.080434
70 351 176 2.084434
71 352 175 2.088434
72 352 175 2.092434
73 353 175 2.096434
74 353 175 2.100434
75 353 174 2.104434
76 354 174 2.108433
77 354 174 2.112433
78 355 174 2.116433
79 355 173 2.120433
80 356 173 2.124433
81 356 173 2.128433
82 356 172 2.132433
83 357 172 2.136433
84 357 172 2.140433
85 358 172 2.144433
86 358 171 2.148433
87 358 171 2.152433
88 359 171 2.156433
89 359 171 2.160433
90 360 170 2.164433
91 360 170 2.168433
92 361 170 2.172433
93 361 169 2.176433
94 361 169 2.180433
95 362 169 2.184433
96 362 169 2.188432
97 363 168 2.192432
98 363 168 2.196432
99 363 168 2.200432
100 364 167 2.204432
101 364 167 2.208432
102 365 167 2.212432
103 365 166 2.216432
104 365 166 2.220432
105 366 166 2.216432
106 366 166 2.216432
107 366 166 2.216432
108 366 166 2.216432
109 366 166 2.216432
110 366 166 2.216432
111 366 166 2.216432
112 366 166 2.216432
113 366 166 2.216432
114 366 166 2.216432
115 366 166 2.216432
116 366 166 2.216432
117 366 166 2.216432
118 366 166 2.216432
119 366 166 2.216432
120 366 166 2.216432
121 366 166 2.216432
122 366 166 2.216432
123 366 166 2.216432
124 366 166 2.216432
125 366 166 2.216432
126 366 166 2.216432
127 366 166 2.216432
128 366 166 2.216432
129 366 166 2.220432
130 367 165 2.224432
131 367 165 2.228432
132 367 165 2.232432
133 368 164 2.236432
134 368 164 2.240432
135 369 164 2.244432
136 369 163 2.248432
137 369 163 2.252432
138 370 163 2.256432
139 370 162 2.260432
140 370 162 2.264431
141 371 162 2.268431
142 371 162 2.272431
143 372 161 2.276431
144 372 161 2.280431
145 372 161 2.284431
146 373 160 2.288431
147 373 160 2.292431
148 374 160 2.296431
149 374 159 2.300431
150 374 159 2.304431
151 375 159 2.308431
152 375 158 2.312431
153 375 158 2.316431
154 376 158 2.320431
155 376 157 2.324431
156 376 157 2.328431
157 377 156 2.332431
158 377 156 2.336431
159 378 156 2.340430
160 378 155 2.344430
161 378 155 2.348430
162 379 155 2.352430
163 379 154 2.356430
164 379 154 2.360430
165 380 154 2.364430
166 380 153 2.368430
167 380 153 2.372430
168 381 153 2.376430
169 381 152 2.380430
170 381 152 2.384430
171 382 152 2.388430
172 382 151 2.392430
173 382 151 2.396430
174 383 150 2.400430
175 383 150 2.404430
176 383 150 2.408430
177 384 149 2.412430
178 384 149 2.416430
179 384 149 2.420429
180 385 148 2.424429
181 385 148 2.428429
182 385 147 2.432429
183 386 147 2.436429
184 386 147 2.440429
185 386 147 2.440429
186 386 147 2.440429
187 386 147 2.440429
188 386 147 2.440429
189 386 147 2.440429
190 386 147 2.440429
191 386 147 2.440429
192 386 147 2.440429
193 386 147 2.440429
194 386 147 2.440429
195 386 147 2.440429
196 386 147 2.440429
197 386 147 2.440429
198 386 147 2.440429
199 386 147 2.440429
200 386 147 2.440429
201 386 147 2.377660
202 386 147 2.377660
203 386 147 2.377660
204 386 147 2.377660
205 386 147 2.377660
206 386 147 2.377660
207 386 147 2.377660
208 386 147 2.377660
209 386 147 2.377660
210 386 147 2.377660
211 386 147 2.377660
212 386 147 2.377660
213 386 147 2.377660
214 386 147 2.377660
215 386 147 2.377660
216 386 147 2.377660
217 386 147 2.377660
218 386 147 2.377660
219 386 147 2.377660
220 386 147 2.377660
221 386 147 2.377660
222 386 147 2.377660
223 386 147 2.377660
224 386 147 2.377660
225 386 147 2.377660
226 386 147 2.377660
227 386 147 2.377660
228 386 147 2.377660
229 386 147 2.377660
230 386 147 2.377660
231 386 147 2.377660
232 386 147 2.377660
233 386 147 2.377660
234 386 147 2.377660
235 386 147 2.377660
236 386 147 2.377660
237 386 147 2.377660
238 386 147 2.377660
239 386 147 2.377660
240 386 147 2.377660
241 386 147 2.377660
242 386 147 2.377660
243 386 147 2.377660
244 386 147 2.377660
245 386 147 2.377660
246 386 147 2.377660
247 386 147 2.377660
248 386 147 2.377660
249 386 147 2.377660
250 386 147 2.377660
251 386 147 2.377660
252 386 147 2.377660
253 386 147 2.377660
254 386 147 2.377660
255 386 147 2.377660
256 386 147 2.377660
257 386 147 2.377660
258 386 147 2.377660
259 386 147 2.377660
260 386 147 2.377660
261 386 147 2.377660
262 386 147 2.377660
263 386 147 2.377660
264 386 147 2.377660
265 386 147 2.377660
266 386 147 2.377660
267 386 147 2.377660
268 386 147 2.377660
269 386 147 2.377660
270 386 147 2.377660
271 386 147 2.377660
272 386 147 2.377660
273 386 147 2.377660
274 386 147 2.377660
275 386 147 2.377660
276 386 147 2.377660
277 386 147 2.377660
278 386 147 2.377660
279 386 147 2.377660
280 386 147 2.377660
281 386 147 2.377660
282 386 147 2.377660
283 386 147 2.377660
284 386 147 2.377660
285 386 147 2.377660
286 386 147 2.377660
287 386 147 2.377660
288 386 147 2.377660
289 386 147 2.377660
290 386 147 2.377660
291 386 147 2.377660
292 386 147 2.377660
293 386 147 2.377660
294 386 147 2.377660
295 386 147 2.377660
296 386 147 2.377660
297 386 147 2.377660
298 386 147 2.377660
299 386 147 2.377660
300 386 147 2.377660
301 386 147 2.455912
302 386 147 2.455912
303 386 147 2.455912
304 386 147 2.455912
305 386 147 2.455912
306 386 147 2.455912
307 386 147 2.455912
308 386 147 2.455912
309 386 147 2.455912
310 386 147 2.455912
311 386 147 2.455912
312 387 146 2.455954
313 387 145 2.455961
314 388 144 2.455932
315 389 144 2.455865
316 389 143 2.455760
317 390 142 2.455615
318 390 141 2.455431
319 391 140 2.455205
320 392 140 2.454938
321 392 139 2.454630
322 393 138 2.454279
323 394 137 2.453885
324 394 137 2.453449
325 395 136 2.452969
326 396 135 2.452446
327 396 134 2.451880
328 397 134 2.451270
329 397 133 2.450617
330 398 132 2.449921
331 399 131 2.449181
332 399 130 2.448398
333 400 130 2.447572
334 401 129 2.446703
335 401 128 2.445790
336 402 127 2.444834
337 403 127 2.443835
338 403 126 2.442793
339 404 125 2.441707
340 405 124 2.440578
341 405 124 2.439406
342 406 123 2.438190
343 406 122 2.436931
344 407 121 2.435628
345 408 120 2.434281
346 408 120 2.432889
347 409 119 2.431453
348 410 118 2.429971
349 410 117 2.428444
350 411 117 2.426870
351 412 116 2.425250
352 412 115 2.423581
353 413 114 2.421864
354 414 114 2.420097
355 414 113 2.418279
356 415 112 2.416408
