0 299 200 5.700097
1 298 201 5.663705
2 298 202 5.663705
3 297 203 5.663705
4 297 204 5.663705
5 296 204 5.663705
6 295 205 5.663705
7 295 206 5.663705
8 294 207 5.663705
9 294 208 5.663705
10 293 208 5.663705
11 293 209 5.663705
12 292 210 5.663705
13 291 211 5.663705
14 291 212 5.663705
15 290 213 5.663705
16 290 213 5.663705
17 289 214 5.663705
18 288 215 5.663705
19 288 216 5.663705
20 287 217 5.663705
21 287 217 5.663705
22 286 218 5.663705
23 286 219 5.663705
24 285 220 5.663705
25 284 221 5.663705
26 284 222 5.663705
27 283 222 5.663705
28 283 223 5.663705
29 282 224 5.663705
30 282 225 5.663705
31 281 225 5.659705
32 281 226 5.655704
33 281 226 5.651704
34 280 226 5.647704
35 280 227 5.643704
36 280 227 5.639704
37 279 228 5.635704
38 279 228 5.631703
39 279 228 5.627703
40 279 229 5.623703
41 278 229 5.619703
42 278 230 5.615703
43 278 230 5.611702
44 277 230 5.607702
45 277 231 5.603702
46 277 231 5.599702
47 276 232 5.595702
48 276 232 5.591702
49 276 232 5.587701
50 275 233 5.583701
51 275 233 5.579701
52 275 233 5.575701
53 274 234 5.571701
54 274 234 5.567700
55 274 235 5.563700
56 273 235 5.559700
57 273 235 5.555700
58 273 236 5.551700
59 272 236 5.547699
60 272 236 5.543699
61 272 237 5.539699
62 271 237 5.543699
63 271 238 5.547699
64 271 238 5.551700
65 270 238 5.555700
66 270 239 5.559700
67 270 239 5.563700
68 269 239 5.567700
69 269 240 5.571701
70 269 240 5.575701
71 268 241 5.579701
72 268 241 5.583701
73 268 241 5.587701
74 267 242 5.591702
75 267 242 5.595702
76 267 242 5.599702
77 267 243 5.603702
78 266 243 5.607702
79 266 244 5.611702
80 266 244 5.615703
81 265 244 5.619703
82 265 245 5.623703
83 265 245 5.627703
84 264 246 5.631703
85 264 246 5.635704
86 264 246 5.639704
87 263 247 5.643704
88 263 247 5.647704
89 263 248 5.651704
90 263 248 5.655704
91 262 248 5.659705
92 262 249 5.663705
93 262 249 5.667705
94 261 250 5.671705
95 261 250 5.675705
96 261 250 5.679706
97 261 251 5.683706
98 260 251 5.687706
99 260 252 5.691706
100 260 252 5.695706
101 259 253 5.699707
102 259 253 5.703707
103 259 253 5.707707
104 259 254 5.711707
105 258 254 5.715707
106 258 255 5.719707
107 258 255 5.723708
108 258 256 5.727708
109 257 256 5.731708
110 257 256 5.735708
111 257 257 5.739708
112 257 257 5.743709
113 256 258 5.747709
114 256 258 5.751709
115 256 259 5.755709
116 256 259 5.759709
117 255 259 5.763710
118 255 260 5.767710
119 255 260 5.771710
120 255 261 5.775710
121 254 261 5.779710
122 254 262 5.783710
123 254 262 5.787711
124 254 262 5.791711
125 253 263 5.795711
126 253 263 5.799711
127 253 264 5.803711
128 253 264 5.807712
129 252 265 5.811712
130 252 265 5.815712
131 252 266 5.819712
132 252 266 5.823712
133 252 266 5.827713
134 251 267 5.831713
135 251 267 5.835713
136 251 268 5.839713
137 251 268 5.843713
138 250 269 5.847713
139 250 269 5.851714
140 250 270 5.855714
141 250 270 5.859714
142 250 271 5.863714
143 249 271 5.867714
144 249 271 5.871715
145 249 272 5.875715
146 249 272 5.879715
147 249 273 5.883715
148 248 273 5.887715
149 248 274 5.891716
150 248 274 5.895716
151 248 275 5.899716
152 248 275 5.903716
153 248 276 5.907716
154 247 276 5.911716
155 247 277 5.915717
156 247 277 5.919717
157 247 277 5.923717
158 247 278 5.927717
159 246 278 5.931717
160 246 279 5.935718
161 246 279 5.939718
162 246 280 5.943718
163 246 280 5.947718
164 246 281 5.951718
165 245 281 5.955719
166 245 282 5.959719
167 245 282 5.963719
168 245 283 5.967719
169 245 283 5.971719
170 245 284 5.975719
171 245 284 5.979720
172 244 285 5.983720
173 244 285 5.987720
174 244 286 5.991720
175 244 286 5.995720
176 244 286 5.999721
177 244 287 6.003721
178 244 287 6.007721
179 243 288 6.011721
180 243 288 6.015721
181 243 289 6.019722
182 243 289 6.023722
183 243 290 6.027722
184 243 290 6.031722
185 243 291 6.035722
186 243 291 6.035722
187 243 291 6.035722
188 243 291 6.035722
189 243 291 6.035722
190 243 291 6.035722
191 243 291 6.035722
192 243 291 6.035722
193 243 291 6.035722
194 243 291 6.035722
195 243 291 6.035722
196 243 291 6.035722
197 243 291 6.035722
198 243 291 6.035722
199 243 291 6.035722
200 243 291 6.035722
201 243 291 6.120782
202 243 291 6.120782
203 243 291 6.120782
204 243 291 6.120782
205 243 291 6.120782
206 243 291 6.120782
207 243 291 6.120782
208 243 291 6.120782
209 243 291 6.120782
210 243 291 6.120782
211 243 291 6.120782
212 243 291 6.120782
213 243 291 6.120782
214 243 291 6.120782
215 243 291 6.120782
216 243 291 6.120782
217 243 291 6.120782
218 243 291 6.120782
219 243 291 6.120782
220 243 291 6.120782
221 243 291 6.120782
222 243 291 6.120782
223 243 291 6.120782
224 243 291 6.120782
225 243 291 6.120782
226 243 291 6.120782
227 243 291 6.120782
228 243 291 6.120782
229 243 291 6.120782
230 243 291 6.120782
231 243 291 6.120782
232 243 292 6.120782
233 242 293 6.120782
234 242 294 6.120782
235 242 295 6.120782
236 242 296 6.120782
237 242 297 6.120782
238 242 298 6.120782
239 241 299 6.120782
240 241 300 6.120782
241 241 301 6.120782
242 241 302 6.120782
243 241 303 6.120782
244 241 304 6.120782
245 240 305 6.120782
246 240 306 6.120782
247 240 307 6.120782
248 240 308 6.120782
249 240 309 6.120782
250 240 310 6.120782
251 239 311 6.120782
252 239 312 6.120782
253 239 313 6.120782
254 239 314 6.120782
255 239 315 6.120782
256 239 316 6.120782
257 238 316 6.120782
258 238 317 6.120782
259 238 318 6.120782
260 238 319 6.120782
261 238 320 6.120782
262 238 321 6.120782
263 237 322 6.120782
264 237 323 6.120782
265 237 324 6.120782
266 237 325 6.120782
267 237 326 6.120782
268 237 327 6.120782
269 237 328 6.116782
270 237 328 6.112782
271 236 329 6.108781
272 236 329 6.104781
273 236 330 6.108781
274 236 330 6.112782
275 236 331 6.116782
276 236 331 6.120782
277 236 332 6.124782
278 236 332 6.128782
279 236 333 6.132782
280 236 333 6.136783
281 236 334 6.140783
282 236 334 6.144783
283 235 335 6.148783
284 235 335 6.152783
285 235 336 6.156784
286 235 336 6.160784
287 235 337 6.164784
288 235 337 6.168784
289 235 338 6.172784
290 235 338 6.176785
291 235 339 6.180785
292 235 339 6.180785
293 235 339 6.180785
294 235 339 6.180785
295 235 339 6.180785
296 235 339 6.180785
297 235 339 6.180785
298 235 339 6.180785
299 235 339 6.180785
300 235 339 6.180785
301 235 339 6.093464
302 235 339 6.093464
303 235 339 6.093464
304 235 339 6.093464
305 235 339 6.093464
306 235 339 6.093464
307 235 339 6.093464
308 235 339 6.093464
309 235 339 6.093464
310 235 339 6.093464
311 235 339 6.093464
312 235 339 6.093464
313 235 339 6.093464
314 235 339 6.093464
315 235 339 6.093464
316 235 339 6.093464
317 235 339 6.093464
318 235 339 6.093464
319 235 339 6.093464
320 235 339 6.093464
321 235 339 6.093464
322 235 339 6.093464
323 235 339 6.093464
324 235 339 6.093464
325 235 339 6.093464
326 235 339 6.093464
327 235 339 6.093464
328 235 339 6.093464
329 235 339 6.093464
330 235 339 6.093464
331 235 339 6.093464
332 235 339 6.093464
333 235 339 6.093464
334 235 339 6.093464
335 235 339 6.093464
336 235 339 6.093464
337 235 339 6.093464
338 235 339 6.093464
339 235 339 6.093464
340 235 339 6.093464
341 235 339 6.093464
342 235 339 6.093464
343 235 339 6.093464
344 235 339 6.093464
345 235 339 6.093464
346 235 339 6.093464
347 235 339 6.093464
348 235 339 6.093464
349 235 339 6.093464
350 235 339 6.093464
351 235 339 6.093464
352 235 339 6.093464
353 235 339 6.093464
354 235 339 6.093464
355 235 339 6.093464
356 235 339 6.093464
357 235 339 6.093464
358 235 339 6.093464
359 235 339 6.093464
360 235 339 6.093464
361 235 339 6.093464
362 235 339 6.093464
363 235 339 6.093464
364 235 339 6.093464
365 235 339 6.093464
366 235 339 6.093464
367 235 339 6.093464
368 235 339 6.093464
369 235 339 6.093464
370 235 339 6.093464
371 235 339 6.093464
372 235 339 6.093464
373 235 339 6.093464
374 235 339 6.093464
375 235 339 6.093464
376 235 339 6.093464
377 235 339 6.093464
378 235 339 6.093464
379 235 339 6.093464
380 235 339 6.093464
381 235 339 6.093464
382 235 339 6.093464
383 235 339 6.093464
384 235 339 6.093464
385 235 339 6.093464
386 235 339 6.093464
387 235 339 6.093464
388 235 339 6.093464
389 235 339 6.093464
390 235 339 6.093464
391 235 339 6.093464
392 235 339 6.093464
393 235 339 6.093464
394 235 339 6.093464
395 235 339 6.093464
396 235 339 6.093464
397 235 339 6.093464
398 235 339 6.093464
399 235 339 6.093464
400 235 339 6.093464
401 235 339 6.174713
402 235 339 6.174713
403 235 339 6.174713
404 235 339 6.174713
405 235 339 6.174713
406 235 339 6.174713
407 235 339 6.174713
408 235 339 6.174713
409 235 339 6.174713
410 235 339 6.174713
411 235 339 6.174713
412 235 339 6.174713
413 235 339 6.174713
414 235 339 6.174713
415 235 339 6.174713
416 235 339 6.174713
417 235 339 6.174713
418 235 339 6.174713
419 235 339 6.174713
420 235 339 6.174713
421 235 339 6.174713
422 235 339 6.174713
423 235 339 6.174713
424 235 339 6.174713
425 235 339 6.174713
426 235 339 6.174713
427 235 339 6.174713
428 235 339 6.174713
429 235 339 6.174713
430 235 339 6.174713
431 235 339 6.174713
432 235 339 6.174713
433 235 339 6.174713
434 235 339 6.174713
435 235 339 6.174713
436 235 339 6.174713
437 235 339 6.174713
438 235 339 6.174713
439 235 339 6.174713
440 235 339 6.174713
441 235 339 6.174713
442 235 339 6.174713
443 235 339 6.174713
444 235 339 6.174713
445 235 339 6.174713
446 235 339 6.174713
447 235 339 6.174713
448 235 339 6.174713
449 235 339 6.174713
450 235 339 6.174713
451 235 339 6.174713
452 235 339 6.174713
453 235 339 6.174713
454 235 339 6.174713
455 235 339 6.174713
456 235 339 6.174713
457 235 339 6.174713
458 235 339 6.174713
459 235 339 6.174713
460 235 339 6.174713
461 235 339 6.174713
462 235 339 6.174713
463 235 339 6.174713
464 235 339 6.174713
465 235 339 6.174713
466 235 339 6.174713
467 235 339 6.174713
468 235 339 6.174713
469 235 339 6.174713
470 235 339 6.174713
471 235 339 6.174713
472 235 339 6.174713
473 235 339 6.174713
474 235 339 6.174713
475 235 339 6.174713
476 235 339 6.174713
477 235 339 6.174713
478 235 339 6.174713
479 235 339 6.174713
480 235 339 6.174713
481 235 339 6.174713
482 235 339 6.174713
483 235 339 6.174713
484 235 339 6.174713
485 235 339 6.174713
486 235 339 6.174713
487 235 339 6.174713
488 235 339 6.174713
489 235 339 6.174713
490 235 339 6.174713
491 235 339 6.174713
492 235 339 6.174713
493 235 339 6.174713
494 235 339 6.174713
495 235 339 6.174713
496 235 339 6.178713
497 235 340 6.182713
498 235 340 6.186713
499 235 341 6.190713
500 235 341 6.186713
501 235 342 6.213862
502 235 342 6.209862
503 235 343 6.205862
504 235 343 6.201862
505 235 344 6.197862
506 235 344 6.193861
507 235 345 6.189861
508 234 345 6.185861
509 234 346 6.181861
510 234 346 6.177861
511 234 347 6.173861
512 234 347 6.169860
513 234 348 6.165860
514 234 348 6.161860
515 234 349 6.157860
516 234 349 6.153860
517 234 350 6.149859
518 234 350 6.145859
519 234 351 6.141859
520 234 351 6.137859
521 234 352 6.133859
522 234 352 6.129858
523 233 353 6.125858
524 233 353 6.121858
525 233 354 6.117858
526 233 354 6.113858
527 233 355 6.109858
528 233 355 6.105857
529 233 356 6.101857
530 233 356 6.097857
531 233 357 6.093857
532 233 357 6.089857
533 233 358 6.085856
534 232 358 6.081856
535 232 359 6.077856
536 232 359 6.073856
537 232 360 6.077856
538 232 360 6.081856
539 232 360 6.085856
540 232 361 6.089857
541 232 361 6.093857
542 232 362 6.097857
543 232 362 6.101857
544 232 363 6.105857
545 231 363 6.109858
546 231 364 6.113858
547 231 364 6.117858
548 231 365 6.121858
549 231 365 6.125858
550 231 366 6.129858
551 231 366 6.133859
552 231 367 6.137859
553 231 367 6.141859
554 231 368 6.137859
555 231 368 6.133859
556 231 369 6.129858
557 231 369 6.125858
558 230 370 6.121858
559 230 370 6.117858
560 230 371 6.113858
561 230 371 6.109858
562 230 372 6.105857
563 230 372 6.101857
564 230 373 6.097857
565 230 373 6.093857
566 230 374 6.089857
567 230 374 6.085856
568 230 375 6.081856
569 229 375 6.077856
570 229 376 6.073856
571 229 376 6.069856
572 229 377 6.065856
573 229 377 6.061855
574 229 378 6.057855
575 229 378 6.053855
576 229 379 6.049855
577 229 379 6.045855
578 228 380 6.041854
579 228 380 6.037854
580 228 381 6.033854
581 228 381 6.029854
582 228 382 6.025854
583 228 382 6.021853
584 228 383 6.017853
585 228 383 6.013853
586 227 384 6.009853
587 227 384 6.009853
588 227 384 6.009853
589 227 384 6.009853
590 227 384 6.009853
591 227 384 6.009853
592 227 384 6.009853
593 227 384 6.009853
594 227 384 6.009853
595 227 384 6.009853
596 227 384 6.009853
597 227 383 5.985554
598 228 383 5.957057
599 228 383 5.924149
600 228 382 5.886656
601 228 382 5.782272
602 229 381 5.735946
603 229 380 5.686075
604 230 380 5.633185
605 230 379 5.577760
606 231 378 5.520243
607 232 378 5.461043
608 232 377 5.400535
609 233 376 5.339059
610 234 376 5.276929
611 235 375 5.214426
612 236 375 5.151807
613 237 374 5.089303
614 238 374 5.027122
615 239 374 4.965450
616 240 374 4.904452
617 241 374 4.844275
618 242 374 4.785048
619 243 373 4.726883
620 244 374 4.669877
621 245 374 4.614114
622 246 374 4.559665
623 247 374 4.506587
624 248 374 4.454928
625 248 374 4.404727
626 249 375 4.356009
627 250 375 4.308797
628 251 375 4.263103
629 251 376 4.218930
630 252 376 4.184279
631 252 376 4.151144
632 253 377 4.119513
633 253 377 4.089369
634 254 377 4.060693
635 254 378 4.033461
636 254 378 4.007647
637 254 378 3.983221
638 255 378 3.960152
639 255 379 3.938406
640 255 379 3.917949
641 255 379 3.898744
642 255 379 3.880753
643 255 379 3.863938
644 255 379 3.848261
645 255 379 3.833681
646 256 379 3.820159
647 256 379 3.807656
648 255 379 3.796132
649 255 379 3.785548
650 255 379 3.775865
651 255 379 3.767045
652 255 379 3.759051
653 255 379 3.751844
654 255 379 3.745389
655 255 378 3.735651
656 254 377 3.726593
657 254 377 3.718184
658 253 376 3.710389
659 253 375 3.703176
660 253 375 3.696516
661 252 374 3.690378
662 252 374 3.680733
663 252 373 3.671553
664 252 373 3.662811
665 251 373 3.654482
666 251 372 3.646541
667 251 372 3.638963
668 251 372 3.631727
669 251 371 3.624810
670 251 371 3.618192
671 250 371 3.611852
672 250 370 3.605773
673 250 370 3.599935
674 250 369 3.594321
675 250 369 3.588916
676 249 369 3.583704
677 249 368 3.578669
678 249 368 3.573800
679 249 367 3.569081
680 249 367 3.564502
681 248 366 3.560049
682 248 366 3.555713
683 248 366 3.551484
684 248 365 3.547350
685 248 365 3.543304
686 248 365 3.543336
687 248 365 3.543440
688 248 365 3.543606
689 248 365 3.543829
690 248 365 3.544103
691 248 365 3.544420
692 248 365 3.544775
693 248 365 3.545164
694 248 365 3.545582
695 248 365 3.546023
696 248 365 3.546485
697 248 365 3.546963
698 248 365 3.547454
699 247 364 3.547955
700 247 364 3.548462
701 247 364 3.643001
702 247 364 3.643515
703 247 364 3.644029
704 247 364 3.644541
705 247 364 3.645049
706 247 364 3.645552
707 247 364 3.646048
708 247 364 3.646537
709 247 364 3.647016
710 247 364 3.647486
711 247 364 3.647945
712 247 364 3.648393
713 247 364 3.648829
714 247 364 3.649252
715 247 364 3.649663
716 247 364 3.650062
717 247 364 3.650447
718 247 364 3.650819
719 247 364 3.651177
720 247 364 3.651522
721 247 364 3.651854
722 247 364 3.652173
723 247 364 3.652478
724 247 364 3.652771
725 247 364 3.653050
726 247 364 3.653318
727 247 364 3.653573
728 247 364 3.653815
729 247 364 3.654046
730 247 364 3.654266
731 247 364 3.654474
732 247 364 3.654672
733 247 364 3.654859
734 247 364 3.655036
735 247 364 3.655204
736 247 364 3.655362
737 247 364 3.655510
738 247 364 3.655650
739 247 364 3.655782
740 247 364 3.655905
741 247 364 3.656021
742 247 364 3.656130
743 247 364 3.656231
744 247 364 3.656326
745 247 364 3.656414
746 247 364 3.656496
747 247 364 3.656572
748 247 364 3.656643
749 247 364 3.656709
750 247 364 3.656769
751 247 364 3.656825
752 247 364 3.656877
753 247 364 3.656924
754 247 364 3.656967
755 247 364 3.657007
756 247 364 3.657043
757 247 364 3.657076
758 247 364 3.657105
759 247 364 3.657132
760 247 364 3.657156
761 247 364 3.657178
762 247 364 3.657197
763 247 364 3.657215
764 247 364 3.657230
765 247 364 3.657243
766 247 364 3.657254
767 247 364 3.657264
768 247 364 3.657272
769 247 364 3.657279
770 247 364 3.657285
771 247 364 3.657290
772 247 364 3.657293
773 247 364 3.657295
774 247 364 3.657297
775 247 364 3.657297
776 247 364 3.657297
777 247 364 3.657297
778 247 364 3.657295
779 247 364 3.657294
780 247 364 3.657292
781 247 364 3.657289
782 247 364 3.657286
783 247 364 3.657283
784 247 364 3.657279
785 247 364 3.657275
786 247 364 3.657271
787 247 364 3.657267
788 247 364 3.657263
789 247 364 3.657259
790 247 364 3.657254
791 247 364 3.657250
792 247 364 3.657245
793 247 364 3.657241
794 247 364 3.657236
795 247 364 3.657232
796 247 364 3.657227
797 247 364 3.657223
798 247 364 3.657218
799 247 364 3.657214
800 247 364 3.657210
801 247 364 3.715970
802 247 364 3.715966
803 247 364 3.715962
804 247 364 3.715958
805 247 364 3.715955
806 247 364 3.715951
807 247 364 3.715948
808 247 364 3.715945
809 247 364 3.715941
810 247 364 3.715938
811 247 364 3.715935
812 247 364 3.715933
813 247 364 3.715930
814 247 364 3.715927
815 247 364 3.715925
816 247 364 3.715922
817 247 364 3.715920
818 247 364 3.715918
819 247 364 3.715916
820 247 364 3.715914
821 247 364 3.715912
822 247 364 3.715910
823 247 364 3.715909
824 247 364 3.715907
825 247 364 3.715905
826 247 364 3.715904
827 247 364 3.715903
828 247 364 3.715901
829 247 364 3.715900
830 247 364 3.715899
831 247 364 3.715898
832 247 364 3.715897
833 247 364 3.715896
834 247 364 3.715895
835 247 364 3.715894
836 247 364 3.715894
837 247 364 3.715893
838 247 364 3.715892
839 247 364 3.715892
840 247 364 3.715891
841 247 364 3.715891
842 247 364 3.715890
843 247 364 3.715890
844 247 364 3.715889
845 247 364 3.715889
846 247 364 3.715889
847 247 364 3.715889
848 247 364 3.715888
849 247 364 3.715888
850 247 364 3.715888
851 247 364 3.715888
852 247 364 3.715887
853 247 364 3.715887
854 247 364 3.715887
855 247 364 3.715887
856 247 364 3.719887
857 247 363 3.723886
858 246 363 3.727886
859 246 362 3.731886
860 246 362 3.735886
861 246 362 3.739886
862 245 361 3.743886
863 245 361 3.747886
864 245 360 3.751886
865 244 360 3.755886
866 244 360 3.759886
867 244 359 3.763886
868 244 359 3.767886
869 243 358 3.771886
870 243 358 3.775886
871 243 358 3.779886
872 242 357 3.783886
873 242 357 3.787886
874 242 356 3.791886
875 242 356 3.795886
876 241 356 3.799886
877 241 355 3.803885
878 241 355 3.807885
879 240 354 3.811885
880 240 354 3.815885
881 240 354 3.819885
882 239 353 3.823885
883 239 353 3.827885
884 239 352 3.831885
885 238 352 3.835885
886 238 352 3.839885
887 238 351 3.843885
888 237 351 3.847885
889 237 351 3.851885
890 237 350 3.855885
891 236 350 3.859885
892 236 349 3.863885
893 236 349 3.867885
894 235 349 3.871885
895 235 348 3.875885
896 235 348 3.879884
897 234 348 3.883884
898 234 347 3.887884
899 234 347 3.891884
900 233 346 3.895884
901 233 346 3.899884
902 233 346 3.903884
903 232 345 3.907884
904 232 345 3.911884
905 232 345 3.915884
906 231 344 3.919884
907 231 344 3.923884
908 231 344 3.927884
909 230 343 3.931884
910 230 343 3.935884
911 230 343 3.939884
912 229 342 3.943884
913 229 342 3.943884
914 229 342 3.943884
915 229 342 3.943884
916 229 342 3.943884
917 229 342 3.943884
918 229 342 3.943884
919 229 342 3.943884
920 229 342 3.943884
921 229 342 3.943884
922 229 342 3.943884
923 229 342 3.943884
924 229 342 3.943884
925 229 342 3.943884
926 229 342 3.943884
927 229 342 3.943884
928 229 342 3.943884
929 229 342 3.943884
930 229 342 3.943884
931 229 342 3.943884
932 229 342 3.943884
933 229 342 3.943884
934 229 342 3.943884
935 229 342 3.943884
936 229 342 3.943884
937 229 342 3.943884
938 229 342 3.943884
939 229 342 3.943884
940 229 342 3.943884
941 229 342 3.943884
942 229 342 3.943884
943 229 342 3.943884
944 229 342 3.943884
945 229 342 3.943884
946 229 342 3.943884
947 229 342 3.943884
948 229 342 3.943884
949 229 342 3.943884
950 229 342 3.943884
951 229 342 3.943884
952 229 342 3.943884
953 229 342 3.943884
954 229 342 3.943884
955 229 342 3.943884
956 229 342 3.943884
957 229 342 3.943884
958 229 342 3.943884
959 229 342 3.943884
960 229 342 3.943884
961 229 342 3.943884
962 229 342 3.943884
963 229 342 3.943884
964 229 342 3.943884
965 229 342 3.943884
966 229 342 3.943884
967 229 342 3.943884
968 229 342 3.943884
969 229 342 3.943884
970 229 342 3.943884
971 229 342 3.943884
972 229 342 3.943884
973 229 342 3.943884
974 229 342 3.943884
975 229 342 3.943884
976 229 342 3.943884
977 229 342 3.943884
978 229 342 3.943884
979 229 342 3.943884
980 229 342 3.943884
981 229 342 3.943884
982 229 342 3.943884
983 229 342 3.943884
984 229 342 3.943884
985 229 342 3.943884
986 229 342 3.943884
987 229 342 3.943884
988 229 342 3.943884
989 229 342 3.943884
990 229 342 3.943884
991 229 342 3.943884
992 229 342 3.943884
993 229 342 3.943884
994 229 342 3.943884
995 229 342 3.943884
996 229 342 3.943884
997 229 342 3.943884
998 229 342 3.943884
999 229 342 3.943884
1000 229 342 3.943884
1001 229 342 3.986538
1002 229 342 3.986538
1003 229 342 3.986538
1004 229 342 3.986538
1005 229 342 3.986538
1006 229 342 3.986538
1007 229 342 3.986538
1008 229 342 3.986538
1009 229 342 3.986538
1010 229 342 3.986538
1011 229 342 3.986538
1012 229 342 3.986538
1013 229 342 3.986538
1014 229 342 3.986538
1015 229 342 3.986538
1016 229 342 3.986538
1017 229 342 3.986538
1018 229 342 3.986538
1019 229 342 3.986538
1020 229 342 3.986538
1021 229 342 3.986538
1022 229 342 3.986538
1023 229 342 3.986538
1024 229 342 3.986538
1025 229 342 3.986538
1026 229 342 3.986538
1027 229 342 3.986538
1028 229 342 3.986538
1029 229 342 3.986538
1030 229 342 3.986538
1031 229 342 3.986538
1032 229 342 3.986538
1033 229 342 3.986538
1034 229 342 3.986538
1035 229 342 3.986538
1036 229 342 3.986538
1037 229 342 3.986538
1038 229 342 3.986538
1039 229 342 3.986538
1040 229 342 3.986538
1041 229 342 3.986538
1042 229 342 3.986538
1043 229 342 3.986538
1044 229 342 3.986538
1045 229 342 3.986538
1046 229 342 3.986538
1047 229 342 3.986538
1048 229 342 3.986538
1049 229 342 3.986538
1050 229 342 3.986538
1051 229 342 3.986538
1052 229 342 3.986538
1053 229 342 3.986538
1054 229 342 3.986538
1055 229 342 3.986538
1056 229 342 3.986538
1057 229 342 3.986538
1058 229 342 3.986538
1059 229 342 3.986538
1060 229 342 3.986538
1061 229 342 3.986538
1062 229 342 3.986538
1063 229 342 3.986538
1064 229 342 3.986538
1065 229 342 3.986538
1066 229 342 3.986538
1067 229 342 3.986538
1068 229 342 3.986538
1069 229 342 3.986538
1070 229 342 3.986538
1071 229 342 3.986538
1072 229 342 3.986538
1073 229 342 3.986538
1074 229 342 3.986538
1075 229 342 3.986538
1076 229 342 3.986538
1077 229 342 3.986538
1078 229 342 3.986538
1079 229 342 3.986538
1080 229 342 3.986538
1081 229 342 3.986538
1082 229 342 3.986538
1083 229 342 3.986538
1084 229 342 3.986538
1085 229 342 3.986538
1086 229 342 3.986538
1087 229 342 3.986538
1088 229 342 3.986538
1089 229 342 3.986538
1090 229 342 3.986538
1091 229 342 3.986538
1092 229 342 3.986538
1093 229 342 3.986538
1094 229 342 3.986538
1095 229 342 3.986538
1096 229 342 3.986538
1097 229 342 3.986538
1098 229 342 3.986538
1099 229 342 3.986538
1100 229 342 3.986538
1101 229 342 3.938849
1102 229 342 3.938849
1103 229 342 3.938849
1104 229 342 3.938849
1105 229 342 3.938849
1106 229 342 3.938849
1107 229 342 3.938849
1108 229 342 3.938849
1109 229 342 3.938849
1110 229 342 3.938849
1111 229 342 3.938849
1112 229 342 3.938849
1113 229 342 3.938849
1114 229 342 3.938849
1115 229 342 3.938849
1116 229 342 3.938849
1117 229 342 3.938849
1118 229 342 3.938849
1119 229 342 3.938849
1120 229 342 3.938849
1121 229 342 3.938849
1122 229 342 3.938849
1123 229 342 3.938849
1124 229 342 3.938849
1125 229 342 3.938849
1126 229 342 3.938849
1127 229 342 3.938849
1128 229 342 3.938849
1129 229 342 3.938849
1130 229 342 3.938849
1131 229 342 3.938849
1132 229 342 3.938849
1133 229 342 3.938849
1134 229 342 3.938849
1135 229 342 3.938849
1136 229 342 3.938849
1137 229 342 3.938849
1138 229 342 3.938849
1139 229 342 3.938849
1140 229 342 3.938849
1141 229 342 3.938849
1142 229 342 3.938849
1143 229 342 3.938849
1144 229 342 3.938849
1145 229 342 3.938849
1146 229 342 3.938849
1147 229 342 3.938849
1148 229 342 3.938849
1149 229 342 3.938849
1150 229 342 3.938849
1151 229 342 3.938849
1152 229 342 3.938849
1153 229 342 3.938849
1154 229 342 3.938849
1155 229 342 3.938849
1156 229 342 3.938849
1157 229 342 3.938849
1158 229 342 3.938849
1159 229 342 3.938849
1160 229 342 3.938849
1161 229 342 3.938849
1162 229 342 3.938849
1163 229 342 3.938849
1164 229 342 3.938849
1165 229 342 3.938849
1166 229 342 3.938849
1167 229 342 3.938849
1168 229 342 3.938849
1169 229 342 3.938849
1170 229 342 3.938849
1171 229 342 3.938849
1172 229 342 3.938849
1173 229 342 3.938849
1174 229 342 3.938849
1175 229 342 3.938849
1176 229 342 3.938849
1177 229 342 3.938849
1178 229 342 3.938849
1179 229 342 3.938849
1180 229 342 3.938849
1181 229 342 3.938849
1182 229 342 3.938849
1183 229 342 3.938849
1184 229 342 3.938849
1185 229 342 3.938849
1186 229 342 3.938849
1187 229 342 3.938849
1188 229 342 3.938849
1189 229 342 3.938849
1190 229 342 3.938849
1191 229 342 3.938849
1192 229 342 3.938849
1193 229 342 3.938849
1194 229 342 3.938849
1195 229 342 3.938849
1196 229 342 3.938849
1197 229 342 3.938849
1198 229 342 3.938849
1199 229 342 3.938849
1200 229 342 3.938849
1201 229 342 3.863659
1202 229 342 3.863659
1203 229 342 3.863659
1204 229 342 3.863659
1205 229 342 3.863659
1206 229 342 3.863659
1207 229 342 3.863659
1208 229 342 3.863659
1209 229 342 3.863659
1210 229 342 3.863659
1211 229 342 3.863659
1212 229 342 3.863659
1213 229 342 3.863659
1214 229 342 3.863659
1215 229 342 3.863659
1216 229 342 3.863659
1217 229 342 3.863659
1218 229 342 3.863659
1219 229 342 3.863659
1220 229 342 3.863659
1221 229 342 3.863659
1222 229 342 3.863659
1223 229 342 3.863659
1224 229 342 3.863659
1225 229 342 3.863659
1226 229 342 3.863659
1227 229 342 3.863659
1228 229 342 3.863659
1229 229 342 3.863659
1230 229 342 3.863659
1231 229 342 3.863659
1232 229 342 3.863659
1233 229 342 3.863659
1234 229 342 3.863659
1235 229 342 3.863659
1236 229 342 3.863659
1237 229 342 3.863659
1238 229 342 3.863659
1239 229 342 3.863659
1240 229 342 3.863659
1241 229 342 3.863659
1242 229 342 3.863659
1243 229 342 3.863659
1244 229 342 3.863659
1245 229 342 3.863659
1246 229 342 3.863659
1247 229 342 3.863659
1248 229 342 3.863659
1249 229 342 3.863659
1250 229 342 3.863659
1251 229 342 3.863659
1252 229 342 3.863659
1253 229 342 3.863659
1254 229 342 3.863659
1255 229 342 3.863659
1256 229 342 3.863659
1257 229 342 3.863659
1258 229 342 3.863659
1259 229 342 3.863659
1260 229 342 3.863659
1261 229 342 3.863659
1262 229 342 3.863659
1263 229 342 3.863659
1264 229 342 3.863659
1265 229 342 3.863659
1266 229 342 3.863659
1267 229 342 3.863659
1268 229 342 3.863659
1269 229 342 3.863659
1270 229 342 3.863659
1271 229 342 3.863659
1272 229 342 3.863659
1273 229 342 3.863659
1274 229 342 3.863659
1275 229 342 3.863659
1276 229 342 3.863659
1277 229 342 3.863659
1278 229 342 3.863659
1279 229 342 3.863659
1280 229 342 3.863659
1281 229 342 3.863659
1282 229 342 3.863659
1283 229 342 3.863659
1284 229 342 3.863659
1285 229 342 3.863659
1286 229 342 3.863659
1287 229 342 3.863659
1288 229 342 3.863659
1289 229 342 3.863659
1290 229 342 3.863659
1291 229 342 3.863659
1292 229 342 3.863659
1293 229 342 3.863659
1294 229 342 3.863659
1295 229 342 3.863659
1296 229 342 3.863659
1297 229 342 3.863659
1298 229 342 3.863659
1299 229 342 3.863659
1300 229 342 3.863659
1301 229 342 3.858439
1302 229 342 3.858439
1303 229 342 3.858439
1304 229 342 3.858439
1305 229 342 3.858439
1306 229 342 3.858439
1307 229 342 3.858439
1308 229 342 3.858439
1309 229 342 3.858439
1310 229 342 3.858439
1311 229 342 3.858439
1312 229 342 3.858439
1313 229 342 3.858439
1314 229 342 3.858439
1315 229 342 3.858439
1316 229 342 3.858439
1317 229 342 3.858439
1318 229 342 3.858439
1319 229 342 3.858439
1320 229 342 3.858439
1321 229 342 3.858439
1322 229 342 3.858439
1323 229 342 3.858439
1324 229 342 3.858439
1325 229 342 3.858439
1326 229 342 3.858439
1327 229 342 3.858439
1328 229 342 3.858439
1329 229 342 3.858439
1330 229 342 3.858439
1331 229 342 3.858439
1332 229 342 3.858439
1333 229 342 3.858439
1334 229 342 3.858439
1335 229 342 3.858439
1336 229 342 3.858439
1337 229 342 3.858439
1338 229 342 3.858439
1339 229 342 3.858439
1340 229 342 3.858439
1341 229 342 3.858439
1342 229 342 3.858439
1343 229 342 3.858439
1344 229 342 3.858439
1345 229 342 3.858439
1346 229 342 3.858439
1347 229 342 3.858439
1348 229 342 3.858439
1349 229 342 3.858439
1350 229 342 3.858439
1351 229 342 3.858439
1352 229 342 3.858439
1353 229 342 3.858439
1354 229 342 3.858439
1355 229 342 3.858439
1356 229 342 3.858439
1357 229 342 3.858439
1358 229 342 3.858439
1359 229 342 3.858439
1360 229 342 3.858439
1361 229 342 3.858439
1362 229 342 3.858439
1363 229 342 3.858439
1364 229 342 3.858439
1365 229 342 3.858439
1366 229 342 3.858439
1367 229 342 3.858439
1368 229 342 3.858439
1369 229 342 3.858439
1370 229 342 3.858439
1371 229 342 3.858439
1372 229 342 3.858439
1373 229 342 3.858439
1374 229 342 3.858439
1375 229 342 3.858439
1376 229 342 3.858439
1377 229 342 3.858439
1378 229 342 3.858439
1379 229 342 3.858439
1380 229 342 3.858439
1381 229 342 3.858439
1382 229 342 3.858439
1383 229 342 3.858439
1384 229 342 3.858439
1385 229 342 3.858439
1386 229 342 3.858439
1387 229 342 3.858439
1388 229 342 3.858439
1389 229 342 3.858439
1390 229 342 3.858439
1391 229 342 3.858439
1392 229 342 3.858439
1393 229 342 3.858439
1394 229 342 3.858439
1395 229 342 3.858439
1396 229 342 3.858439
1397 229 342 3.858439
1398 229 342 3.862439
1399 229 341 3.866439
1400 228 341 3.870439
1401 228 341 3.874439
1402 228 340 3.878438
1403 227 340 3.878438
1404 226 339 3.878438
1405 225 338 3.878438
1406 225 337 3.878438
1407 224 337 3.878438
1408 223 336 3.878438
1409 223 335 3.878438
1410 222 334 3.878438
1411 221 334 3.878438
1412 221 333 3.878438
1413 220 332 3.878438
1414 219 331 3.878438
1415 219 331 3.878438
1416 219 331 3.878438
1417 219 331 3.878438
1418 219 331 3.878438
1419 219 331 3.878438
1420 219 331 3.878438
1421 219 331 3.878438
1422 219 331 3.878438
1423 219 331 3.878438
1424 219 331 3.878438
1425 219 331 3.878438
1426 219 331 3.878438
1427 219 331 3.878438
1428 219 331 3.878438
1429 219 331 3.878438
1430 219 331 3.878438
1431 219 331 3.878438
1432 219 331 3.878438
1433 219 331 3.878438
1434 219 331 3.878438
1435 219 331 3.878438
1436 219 331 3.878438
1437 219 331 3.878438
1438 219 331 3.878438
1439 219 331 3.878438
1440 219 331 3.878438
1441 219 331 3.878438
1442 219 331 3.878438
1443 219 331 3.878438
1444 219 331 3.878438
1445 219 331 3.878438
1446 219 331 3.878438
1447 219 331 3.878438
1448 219 331 3.878438
1449 219 331 3.878438
1450 219 331 3.878438
1451 219 331 3.878438
1452 219 331 3.878438
1453 219 331 3.878438
1454 219 331 3.878438
1455 219 331 3.878438
1456 219 331 3.878438
1457 219 331 3.878438
1458 219 331 3.878438
1459 219 331 3.878438
1460 219 331 3.878438
1461 219 331 3.878438
1462 219 331 3.878438
1463 219 331 3.878438
1464 219 331 3.878438
1465 219 331 3.878438
1466 219 331 3.878438
1467 219 331 3.878438
1468 219 331 3.878438
1469 219 331 3.878438
1470 219 331 3.878438
1471 219 331 3.878438
1472 219 331 3.878438
1473 219 331 3.878438
1474 219 331 3.878438
1475 219 331 3.878438
1476 219 331 3.878438
1477 219 331 3.878438
1478 219 331 3.878438
1479 219 331 3.878438
1480 219 331 3.878438
1481 219 331 3.878438
1482 219 331 3.878438
1483 219 331 3.878438
1484 219 331 3.878438
1485 219 331 3.878438
1486 219 331 3.878438
1487 219 331 3.878438
1488 219 331 3.878438
1489 219 331 3.878438
1490 219 331 3.878438
1491 219 331 3.878438
1492 219 331 3.878438
1493 219 331 3.878438
1494 219 331 3.878438
1495 219 331 3.878438
1496 219 331 3.878438
1497 219 331 3.878438
1498 219 331 3.878438
1499 219 331 3.878438
1500 219 331 3.878438
1501 219 331 3.898314
1502 219 331 3.898314
1503 219 331 3.898314
1504 219 331 3.898314
1505 219 331 3.898314
1506 219 331 3.898314
1507 219 331 3.898314
1508 219 331 3.898314
1509 219 331 3.898314
1510 219 331 3.898314
1511 219 331 3.898314
1512 219 331 3.898314
1513 219 331 3.898314
1514 219 331 3.898314
1515 219 331 3.898314
1516 219 331 3.898314
1517 219 331 3.898314
1518 219 331 3.898314
1519 219 331 3.898314
1520 219 331 3.894314
1521 219 331 3.890314
1522 218 330 3.886314
1523 218 330 3.882314
1524 218 330 3.878314
1525 217 329 3.874314
1526 217 329 3.870314
1527 217 328 3.866314
1528 216 328 3.862314
1529 216 328 3.858314
1530 216 327 3.854314
1531 215 327 3.850314
1532 215 327 3.846314
1533 215 326 3.842314
1534 214 326 3.838314
1535 214 325 3.834314
1536 214 325 3.830314
1537 214 325 3.826314
1538 213 324 3.822315
1539 213 324 3.818315
1540 213 323 3.814315
1541 212 323 3.810315
1542 212 323 3.806315
1543 212 322 3.802315
1544 211 322 3.798315
1545 211 321 3.794315
1546 211 321 3.790315
1547 210 321 3.786315
1548 210 320 3.782315
1549 210 320 3.782315
1550 210 320 3.782315
1551 210 320 3.782315
1552 210 320 3.782315
1553 210 320 3.782315
1554 210 320 3.782315
1555 210 320 3.782315
1556 210 320 3.782315
1557 210 320 3.782315
1558 210 320 3.782315
1559 210 320 3.782315
1560 210 320 3.782315
1561 210 320 3.782315
1562 210 320 3.782315
1563 210 320 3.782315
1564 210 320 3.782315
1565 210 320 3.782315
1566 210 320 3.782315
1567 210 320 3.782315
1568 210 320 3.782315
1569 210 320 3.782315
1570 210 320 3.782315
1571 210 320 3.782315
1572 210 320 3.782315
1573 210 320 3.782315
1574 210 320 3.782315
1575 210 320 3.782315
1576 210 320 3.782315
1577 210 320 3.782315
1578 210 320 3.782315
1579 210 320 3.782315
1580 210 320 3.782315
1581 210 320 3.782315
1582 210 320 3.782315
1583 210 320 3.782315
1584 210 320 3.782315
1585 210 320 3.782315
1586 210 320 3.782315
1587 210 320 3.778315
1588 210 319 3.774315
1589 209 319 3.770315
1590 209 319 3.766315
1591 209 318 3.762315
1592 208 318 3.758315
1593 208 317 3.754315
1594 208 317 3.750315
1595 207 316 3.750315
1596 207 315 3.750315
1597 206 315 3.750315
1598 206 314 3.750315
1599 205 313 3.750315
1600 204 312 3.750315
1601 204 311 3.741963
1602 203 310 3.741963
1603 203 310 3.741963
1604 202 309 3.741963
1605 202 308 3.741963
1606 201 307 3.741963
1607 200 306 3.741963
1608 200 306 3.741963
1609 199 305 3.741963
1610 199 304 3.741963
1611 198 303 3.741963
1612 198 302 3.741963
1613 197 301 3.741963
1614 196 301 3.741963
1615 196 300 3.741963
1616 195 299 3.741963
1617 195 298 3.741963
1618 194 298 3.745963
1619 194 297 3.749963
1620 194 297 3.753963
1621 194 296 3.757963
1622 193 296 3.761963
1623 193 296 3.765963
1624 193 295 3.769963
1625 192 295 3.773962
1626 192 294 3.777962
1627 192 294 3.781962
1628 192 294 3.785962
1629 191 293 3.789962
1630 191 293 3.793962
1631 191 292 3.797962
1632 190 292 3.801962
1633 190 292 3.805962
1634 190 291 3.809962
1635 189 291 3.813962
1636 189 290 3.817962
1637 189 290 3.821962
1638 188 290 3.825962
1639 188 289 3.829962
1640 188 289 3.833962
1641 188 289 3.837962
1642 187 288 3.841962
1643 187 288 3.845962
1644 187 287 3.849962
1645 186 287 3.853961
1646 186 287 3.857961
1647 186 286 3.861961
1648 185 286 3.865961
1649 185 286 3.869961
1650 185 285 3.873961
1651 184 285 3.877961
1652 184 284 3.881961
1653 184 284 3.885961
1654 183 284 3.889961
1655 183 283 3.893961
1656 183 283 3.897961
1657 182 283 3.901961
1658 182 282 3.905961
1659 181 282 3.909961
1660 181 282 3.913961
1661 181 281 3.917961
1662 180 281 3.921961
1663 180 280 3.925961
1664 180 280 3.929960
1665 179 279 3.929960
1666 178 279 3.929960
1667 178 278 3.929960
1668 177 277 3.929960
1669 176 277 3.929960
1670 175 276 3.929960
1671 175 275 3.929960
1672 174 274 3.929960
1673 173 274 3.929960
1674 173 273 3.929960
1675 172 272 3.929960
1676 171 272 3.929960
1677 171 271 3.929960
1678 170 270 3.929960
1679 169 270 3.929960
1680 168 269 3.929960
1681 168 268 3.929960
1682 167 267 3.929960
1683 166 267 3.929960
1684 166 266 3.929960
1685 165 265 3.929960
1686 165 265 3.929960
1687 165 265 3.929960
1688 165 265 3.929960
1689 165 265 3.929960
1690 165 265 3.929960
1691 165 265 3.929960
1692 165 265 3.929960
1693 165 265 3.929960
1694 165 265 3.929960
1695 165 265 3.929960
1696 165 265 3.929960
1697 165 265 3.929960
1698 165 265 3.929960
1699 165 265 3.929960
1700 165 265 3.929960
1701 165 265 3.869775
1702 165 265 3.869775
1703 165 265 3.869775
1704 165 265 3.869775
1705 165 265 3.869775
1706 165 265 3.869775
1707 165 265 3.869775
1708 165 265 3.869775
1709 165 265 3.869775
1710 165 265 3.869775
1711 165 265 3.869775
1712 165 265 3.869775
1713 165 265 3.869775
1714 165 265 3.869775
1715 165 265 3.869775
1716 165 265 3.869775
1717 165 265 3.869775
1718 165 265 3.869775
1719 165 265 3.869775
1720 165 265 3.869775
1721 165 265 3.869775
1722 165 265 3.869775
1723 165 265 3.869775
1724 165 265 3.869775
1725 165 265 3.869775
1726 165 265 3.869775
1727 165 265 3.869775
1728 165 265 3.869775
1729 165 265 3.869775
1730 165 265 3.869775
1731 165 265 3.869775
1732 165 265 3.869775
1733 165 265 3.869775
1734 165 265 3.869775
1735 165 265 3.869775
1736 165 265 3.869775
1737 165 265 3.869775
1738 165 265 3.869775
1739 165 265 3.869775
1740 165 265 3.869775
1741 165 265 3.869775
1742 165 265 3.869775
1743 165 265 3.869775
1744 165 265 3.869775
1745 165 265 3.869775
1746 165 265 3.869775
1747 165 265 3.869775
1748 165 265 3.869775
1749 165 265 3.869775
1750 165 265 3.869775
1751 165 265 3.869775
1752 165 265 3.869775
1753 165 265 3.869775
1754 165 265 3.869775
1755 165 265 3.869775
1756 165 265 3.869775
1757 165 265 3.869775
1758 165 265 3.869775
1759 165 265 3.869775
1760 165 265 3.869775
1761 165 265 3.869775
1762 165 265 3.869775
1763 165 265 3.869775
1764 165 265 3.869775
1765 165 265 3.869775
1766 165 265 3.869775
1767 165 265 3.869775
1768 165 265 3.869775
1769 165 265 3.869775
1770 165 265 3.869775
1771 165 265 3.869775
1772 165 265 3.869775
1773 165 265 3.869775
1774 165 265 3.869775
1775 165 265 3.869775
1776 165 265 3.869775
1777 165 265 3.869775
1778 165 265 3.869775
1779 165 265 3.869775
1780 165 265 3.869775
1781 165 265 3.869775
1782 165 265 3.869775
1783 165 265 3.869775
1784 165 265 3.869775
1785 165 265 3.869775
1786 165 265 3.869775
1787 165 265 3.869775
1788 165 265 3.869775
1789 165 265 3.869775
1790 165 265 3.869775
1791 165 265 3.869775
1792 165 265 3.869775
1793 165 265 3.869775
1794 165 265 3.869775
1795 165 265 3.869775
1796 165 265 3.869775
1797 165 265 3.869775
1798 165 265 3.869775
1799 165 265 3.869775
1800 165 265 3.869775
1801 165 265 3.787847
1802 165 265 3.787847
1803 165 265 3.787847
1804 165 265 3.787847
1805 165 265 3.787847
1806 165 265 3.787847
1807 165 265 3.787847
1808 165 265 3.787847
1809 165 265 3.787847
1810 165 265 3.787847
1811 165 265 3.787847
1812 165 265 3.787847
1813 165 265 3.787847
1814 165 265 3.787847
1815 165 265 3.787847
1816 165 265 3.787847
1817 165 265 3.787847
1818 165 265 3.787847
1819 165 265 3.787847
1820 165 265 3.787847
1821 165 265 3.787847
1822 165 265 3.787847
1823 165 265 3.787847
1824 165 265 3.787847
1825 165 265 3.787847
1826 165 265 3.787847
1827 165 265 3.787847
1828 165 265 3.787847
1829 165 265 3.787847
1830 165 265 3.787847
1831 165 265 3.787847
1832 165 265 3.787847
1833 165 265 3.787847
1834 165 265 3.787847
1835 165 265 3.787847
1836 165 265 3.787847
1837 165 265 3.787847
1838 165 265 3.787847
1839 165 265 3.787847
1840 165 265 3.787847
1841 165 265 3.787847
1842 165 265 3.787847
1843 165 265 3.787847
1844 165 265 3.787847
1845 165 265 3.787847
1846 165 265 3.787847
1847 165 265 3.787847
1848 165 265 3.787847
1849 165 265 3.787847
1850 165 265 3.787847
1851 165 265 3.787847
1852 165 265 3.787847
1853 165 265 3.787847
1854 165 265 3.787847
1855 165 265 3.787847
1856 165 265 3.787847
1857 165 265 3.787847
1858 165 265 3.787847
1859 165 265 3.787847
1860 165 265 3.787847
1861 165 265 3.787847
1862 165 265 3.787847
1863 165 265 3.787847
1864 165 265 3.787847
1865 165 265 3.787847
1866 165 265 3.787847
1867 165 265 3.787847
1868 165 265 3.787847
1869 165 265 3.787847
1870 165 265 3.787847
1871 165 265 3.787847
1872 165 265 3.787847
1873 165 265 3.787847
1874 165 265 3.787847
1875 165 265 3.787847
1876 165 265 3.787847
1877 165 265 3.787847
1878 165 265 3.787847
1879 165 265 3.787847
1880 165 265 3.787847
1881 165 265 3.787847
1882 165 265 3.787847
1883 165 265 3.787847
1884 165 265 3.787847
1885 165 265 3.787847
1886 165 265 3.787847
1887 165 265 3.787847
1888 165 265 3.787847
1889 165 265 3.787847
1890 165 265 3.787847
1891 165 265 3.787847
1892 165 265 3.787847
1893 165 265 3.787847
1894 165 265 3.787847
1895 165 265 3.787847
1896 165 265 3.787847
1897 165 265 3.787847
1898 165 265 3.787847
1899 165 265 3.787847
1900 165 265 3.787847
1901 165 265 3.772220
1902 165 265 3.772220
1903 165 265 3.772220
1904 165 265 3.772220
1905 165 265 3.772220
1906 165 265 3.772220
1907 165 265 3.772220
1908 165 265 3.772220
1909 165 265 3.772220
1910 165 265 3.772220
1911 165 265 3.772220
1912 165 265 3.772220
1913 165 265 3.772220
1914 165 265 3.772220
1915 165 265 3.772220
1916 165 265 3.772220
1917 165 265 3.772220
1918 165 265 3.772220
1919 165 265 3.772220
1920 165 265 3.772220
1921 165 265 3.772220
1922 165 265 3.772220
1923 165 265 3.772220
1924 165 265 3.772220
1925 165 265 3.772220
1926 165 265 3.772220
1927 165 265 3.772220
1928 165 265 3.772220
1929 165 265 3.772220
1930 165 265 3.772220
1931 165 265 3.772220
1932 165 265 3.772220
1933 165 265 3.772220
1934 165 265 3.772220
1935 165 265 3.772220
1936 165 265 3.772220
1937 165 265 3.772220
1938 165 265 3.772220
1939 165 265 3.772220
1940 165 265 3.772220
1941 165 265 3.772220
1942 165 265 3.772220
1943 165 265 3.772220
1944 165 265 3.772220
1945 165 265 3.772220
1946 165 265 3.772220
1947 165 265 3.772220
1948 165 265 3.772220
1949 165 265 3.772220
1950 165 265 3.772220
1951 165 265 3.772220
1952 165 265 3.772220
1953 165 265 3.772220
1954 165 265 3.772220
1955 165 265 3.772220
1956 165 265 3.772220
1957 165 265 3.772220
1958 165 265 3.772220
1959 165 265 3.772220
1960 165 265 3.772220
1961 165 265 3.772220
1962 165 265 3.772220
1963 165 265 3.772220
1964 165 265 3.772220
1965 165 265 3.772220
1966 165 265 3.772220
1967 165 265 3.772220
1968 165 265 3.772220
1969 165 265 3.772220
1970 165 265 3.772220
1971 165 265 3.772220
1972 165 265 3.772220
1973 165 265 3.772220
1974 165 265 3.772220
1975 165 265 3.772220
1976 165 265 3.772220
1977 165 265 3.772220
1978 165 265 3.772220
1979 165 265 3.772220
1980 165 265 3.772220
1981 165 265 3.772220
1982 165 265 3.772220
1983 165 265 3.772220
1984 165 265 3.772220
1985 165 265 3.772220
1986 165 265 3.772220
1987 165 265 3.772220
1988 165 265 3.772220
1989 165 265 3.772220
1990 165 265 3.772220
1991 165 265 3.772220
1992 165 265 3.772220
1993 165 265 3.772220
1994 165 265 3.772220
1995 165 265 3.772220
1996 165 265 3.772220
1997 165 265 3.772220
1998 165 265 3.772220
1999 165 265 3.772220
2000 165 265 3.772220
2001 165 265 3.697735
2002 165 265 3.697735
2003 165 265 3.697735
2004 165 265 3.697735
2005 165 265 3.697735
2006 165 265 3.697735
2007 165 265 3.697735
2008 165 265 3.697735
2009 165 265 3.697735
2010 165 265 3.697735
2011 165 265 3.697735
2012 165 265 3.697735
2013 165 265 3.697735
2014 165 265 3.697735
2015 165 265 3.697735
2016 165 265 3.697735
2017 165 265 3.697735
2018 165 265 3.697735
2019 165 265 3.697735
2020 165 265 3.697735
2021 165 265 3.697735
2022 165 265 3.697735
2023 165 265 3.697735
2024 165 265 3.697735
2025 165 265 3.697735
2026 165 265 3.697735
2027 165 265 3.697735
2028 165 265 3.697735
2029 165 265 3.697735
2030 165 265 3.697735
2031 165 265 3.697735
2032 165 265 3.697735
2033 165 265 3.697735
2034 165 265 3.697735
2035 165 265 3.697735
2036 165 265 3.697735
2037 165 265 3.697735
2038 165 265 3.701735
2039 165 265 3.701735
2040 165 265 3.701735
2041 165 265 3.701735
2042 165 265 3.701735
2043 165 265 3.701735
2044 165 265 3.701735
2045 165 265 3.701735
2046 165 265 3.701735
2047 165 265 3.701735
2048 165 265 3.701735
2049 165 265 3.701735
2050 165 265 3.701735
2051 165 265 3.701735
2052 165 265 3.701735
2053 165 265 3.701735
2054 165 265 3.701735
2055 165 265 3.701735
2056 165 265 3.701735
2057 165 265 3.701735
2058 165 265 3.701735
2059 165 265 3.701735
2060 165 265 3.701735
2061 165 265 3.701735
2062 165 265 3.701735
2063 165 265 3.701735
2064 165 265 3.701735
2065 165 265 3.701735
2066 165 265 3.701735
2067 165 265 3.701735
2068 165 265 3.701735
2069 165 265 3.701735
2070 165 265 3.701735
2071 165 265 3.701735
2072 165 265 3.701735
2073 165 265 3.701735
2074 165 265 3.701735
2075 165 265 3.701735
2076 165 265 3.701735
2077 165 265 3.701735
2078 165 265 3.701735
2079 165 265 3.701735
2080 165 265 3.701735
2081 165 265 3.701735
2082 165 265 3.701735
2083 165 265 3.701735
2084 165 265 3.701735
2085 165 265 3.701735
2086 165 265 3.701735
2087 165 265 3.701735
2088 165 265 3.701735
2089 165 265 3.701735
2090 165 265 3.701735
2091 165 265 3.701735
2092 165 265 3.701735
2093 165 265 3.701735
2094 165 265 3.701735
2095 165 265 3.701735
2096 165 265 3.701735
2097 165 265 3.701735
2098 165 265 3.701735
2099 165 265 3.701735
2100 165 265 3.701735
2101 165 265 3.672710
2102 165 265 3.672710
2103 165 265 3.672710
2104 165 265 3.672710
2105 165 265 3.672710
2106 165 265 3.672710
2107 165 265 3.672710
2108 165 265 3.672710
2109 165 265 3.672710
2110 165 265 3.672710
2111 165 265 3.672710
2112 165 265 3.672710
2113 165 265 3.672710
2114 165 265 3.672710
2115 165 265 3.672710
2116 165 265 3.672710
2117 165 265 3.672710
2118 165 265 3.672710
2119 165 265 3.672710
2120 165 265 3.672710
2121 165 265 3.672710
2122 165 265 3.672710
2123 165 265 3.672710
2124 165 265 3.672710
2125 165 265 3.672710
2126 164 264 3.672710
2127 164 263 3.672710
2128 163 262 3.672710
2129 163 261 3.672710
2130 162 261 3.672710
2131 162 260 3.672710
2132 161 259 3.672710
2133 161 258 3.676710
2134 161 258 3.680710
2135 160 258 3.684710
2136 160 257 3.688710
2137 160 257 3.692710
2138 159 256 3.696710
2139 159 256 3.700710
2140 159 255 3.704710
2141 159 255 3.708709
2142 158 255 3.712709
2143 158 254 3.716709
2144 158 254 3.720709
2145 158 253 3.724709
2146 157 253 3.728709
2147 157 252 3.732709
2148 157 252 3.736709
2149 156 252 3.740709
2150 156 251 3.744709
2151 156 251 3.748709
2152 156 250 3.752709
2153 155 250 3.756709
2154 155 250 3.760709
2155 155 249 3.764709
2156 154 249 3.768709
2157 154 248 3.772709
2158 154 248 3.776709
2159 154 248 3.780709
2160 153 247 3.784708
2161 153 247 3.788708
2162 153 246 3.792708
2163 152 246 3.796708
2164 152 246 3.800708
2165 152 245 3.804708
2166 151 245 3.808708
2167 151 244 3.808708
2168 150 243 3.808708
2169 150 242 3.808708
2170 149 242 3.808708
2171 148 241 3.808708
2172 148 240 3.808708
2173 147 239 3.808708
2174 146 239 3.808708
2175 146 238 3.808708
2176 145 237 3.808708
2177 145 236 3.808708
2178 144 235 3.808708
2179 143 235 3.808708
2180 143 234 3.808708
2181 142 233 3.808708
2182 142 232 3.808708
2183 141 231 3.808708
2184 140 231 3.808708
2185 140 230 3.808708
2186 139 229 3.808708
2187 138 228 3.808708
2188 138 228 3.808708
2189 137 227 3.808708
2190 137 226 3.808708
2191 136 225 3.808708
2192 135 224 3.808708
2193 135 224 3.808708
2194 134 223 3.808708
2195 133 222 3.808708
2196 133 221 3.808708
2197 132 220 3.808708
2198 132 220 3.808708
2199 131 219 3.808708
2200 130 218 3.808708
2201 130 217 3.864518
2202 129 217 3.864518
2203 128 216 3.864518
2204 128 215 3.864518
2205 127 214 3.864518
2206 127 214 3.864518
2207 127 214 3.864518
2208 127 214 3.864518
2209 127 214 3.864518
2210 127 214 3.864518
2211 127 214 3.864518
2212 127 214 3.864518
2213 127 214 3.864518
2214 127 214 3.864518
2215 127 214 3.864518
2216 127 214 3.864518
2217 127 214 3.864518
2218 127 214 3.864518
2219 127 214 3.864518
2220 127 214 3.864518
2221 127 214 3.864518
2222 127 214 3.864518
2223 127 214 3.864518
2224 127 214 3.864518
2225 127 214 3.864518
2226 127 214 3.864518
2227 127 214 3.864518
2228 127 214 3.864518
2229 127 214 3.864518
2230 127 214 3.864518
2231 127 214 3.864518
2232 127 214 3.864518
2233 127 214 3.864518
2234 127 214 3.864518
2235 127 214 3.864518
2236 127 214 3.864518
2237 127 214 3.864518
2238 127 214 3.864518
2239 127 214 3.864518
2240 127 214 3.864518
2241 127 214 3.864518
2242 127 214 3.864518
2243 127 214 3.864518
2244 127 214 3.864518
2245 127 214 3.864518
2246 127 214 3.864518
2247 127 214 3.864518
2248 127 214 3.864518
2249 127 214 3.864518
2250 127 214 3.864518
2251 127 214 3.864518
2252 127 214 3.864518
2253 127 214 3.864518
2254 127 214 3.864518
2255 127 214 3.864518
2256 127 214 3.864518
2257 127 214 3.864518
2258 127 214 3.864518
2259 127 214 3.864518
2260 127 214 3.864518
2261 127 214 3.864518
2262 127 214 3.864518
2263 127 214 3.864518
2264 127 214 3.864518
2265 127 214 3.864518
2266 127 214 3.864518
2267 127 214 3.864518
2268 127 214 3.864518
2269 127 214 3.864518
2270 127 214 3.864518
2271 127 214 3.864518
2272 127 214 3.864518
2273 127 214 3.864518
2274 127 214 3.864518
2275 127 214 3.864518
2276 127 214 3.864518
2277 127 214 3.864518
2278 127 214 3.864518
2279 127 214 3.864518
2280 127 214 3.864518
2281 127 214 3.864518
2282 127 214 3.864518
2283 127 214 3.864518
2284 127 214 3.864518
2285 127 214 3.864518
2286 127 214 3.864518
2287 127 214 3.864518
2288 127 214 3.864518
2289 127 214 3.864518
2290 127 214 3.864518
2291 127 214 3.864518
2292 127 214 3.864518
2293 127 214 3.864518
2294 127 214 3.864518
2295 127 214 3.864518
2296 127 214 3.864518
2297 127 214 3.864518
2298 127 214 3.864518
2299 127 214 3.864518
2300 127 214 3.864518
2301 127 214 3.951920
2302 127 214 3.951920
2303 127 214 3.951920
2304 127 214 3.951920
2305 127 214 3.951920
2306 127 214 3.951920
2307 127 214 3.951920
2308 127 214 3.951920
2309 127 214 3.951920
2310 127 214 3.951920
2311 127 214 3.951920
2312 127 214 3.951920
2313 127 214 3.951920
2314 127 214 3.951920
2315 127 214 3.951920
2316 127 214 3.951920
2317 127 214 3.951920
2318 127 214 3.951920
2319 127 214 3.951920
2320 127 214 3.951920
2321 127 214 3.951920
2322 127 214 3.951920
2323 127 214 3.951920
2324 127 214 3.951920
2325 127 214 3.951920
2326 127 214 3.951920
2327 127 214 3.951920
2328 127 214 3.951920
2329 127 214 3.951920
2330 127 214 3.951920
2331 127 214 3.951920
2332 127 214 3.951920
2333 127 214 3.951920
2334 127 214 3.951920
2335 127 214 3.951920
2336 127 214 3.951920
2337 127 214 3.951920
2338 127 214 3.951920
2339 127 214 3.951920
2340 127 214 3.951920
2341 127 214 3.951920
2342 127 214 3.951920
2343 127 214 3.951920
2344 127 214 3.951920
2345 127 214 3.951920
2346 127 214 3.951920
2347 127 214 3.951920
2348 127 214 3.951920
2349 126 214 3.951920
2350 126 213 3.951920
2351 125 213 3.947920
2352 125 212 3.943920
2353 125 212 3.939920
2354 124 212 3.935920
2355 124 211 3.931920
2356 123 211 3.927920
2357 123 211 3.923920
2358 123 210 3.919920
2359 122 210 3.915920
2360 122 209 3.911921
2361 122 209 3.907921
2362 121 209 3.903921
2363 121 208 3.899921
2364 121 208 3.895921
2365 120 208 3.891921
2366 120 207 3.887921
2367 120 207 3.883921
2368 119 207 3.879921
2369 119 206 3.875921
2370 119 206 3.871921
2371 118 205 3.867921
2372 118 205 3.863921
2373 118 205 3.859921
2374 117 204 3.855921
2375 117 204 3.851921
2376 117 204 3.847921
2377 116 203 3.843921
2378 116 203 3.839921
2379 116 202 3.835922
2380 115 202 3.831922
2381 115 202 3.827922
2382 115 201 3.823922
2383 114 201 3.819922
2384 114 200 3.815922
2385 114 200 3.811922
2386 114 200 3.807922
2387 113 199 3.803922
2388 113 199 3.799922
2389 113 198 3.795922
2390 112 198 3.791922
2391 112 198 3.787922
2392 112 197 3.783922
2393 111 197 3.779922
2394 111 196 3.775922
2395 111 196 3.771922
2396 111 196 3.767922
2397 110 195 3.763922
2398 110 195 3.759923
2399 110 194 3.755923
2400 109 194 3.751923
2401 109 194 3.761886
2402 109 193 3.757886
2403 109 193 3.753886
2404 108 192 3.749886
2405 108 192 3.745886
2406 108 192 3.741886
2407 107 191 3.737886
2408 107 191 3.733886
2409 107 190 3.729887
2410 107 190 3.725887
2411 106 189 3.721887
2412 106 189 3.717887
2413 106 189 3.713887
2414 105 188 3.709887
2415 105 188 3.705887
2416 105 187 3.701887
2417 105 187 3.697887
2418 104 187 3.693887
2419 104 186 3.689887
2420 104 186 3.685887
2421 104 185 3.681887
2422 103 185 3.677887
2423 103 184 3.673887
2424 103 184 3.669887
2425 103 184 3.665887
2426 102 183 3.661887
2427 102 183 3.657887
2428 102 182 3.653888
2429 102 182 3.649888
2430 101 181 3.645888
2431 101 181 3.641888
2432 101 180 3.637888
2433 101 180 3.633888
2434 100 180 3.629888
2435 100 179 3.625888
2436 100 179 3.621888
2437 100 178 3.617888
2438 100 178 3.613888
2439 99 177 3.609888
2440 99 177 3.605888
2441 99 176 3.601888
2442 99 176 3.597888
2443 98 176 3.593888
2444 98 175 3.589888
2445 98 175 3.585888
2446 98 174 3.581888
2447 98 174 3.577888
2448 97 173 3.573889
2449 97 173 3.569889
2450 97 172 3.565889
2451 97 172 3.561889
2452 97 171 3.557889
2453 96 171 3.553889
2454 96 171 3.549889
2455 96 170 3.545889
2456 96 170 3.541889
2457 96 169 3.537889
2458 95 169 3.533889
2459 95 168 3.529889
2460 95 168 3.525889
2461 95 167 3.521889
2462 95 167 3.517889
2463 94 166 3.513889
2464 94 166 3.509889
2465 94 165 3.505889
2466 94 165 3.501889
2467 94 165 3.497890
2468 94 164 3.493890
2469 93 164 3.489890
2470 93 163 3.485890
2471 93 163 3.481890
2472 93 162 3.485890
2473 93 162 3.489890
2474 93 161 3.493890
2475 92 161 3.497890
2476 92 160 3.501889
2477 92 160 3.505889
2478 92 159 3.509889
2479 92 159 3.513889
2480 91 158 3.517889
2481 91 158 3.521889
2482 91 158 3.517889
2483 91 157 3.513889
2484 91 157 3.509889
2485 91 156 3.505889
2486 90 156 3.501889
2487 90 155 3.497890
2488 90 155 3.493890
2489 90 154 3.489890
2490 90 154 3.485890
2491 90 154 3.485890
2492 90 154 3.485890
2493 90 154 3.485890
2494 90 154 3.485890
2495 90 154 3.485890
2496 90 154 3.485890
2497 90 154 3.485890
2498 90 154 3.485890
2499 90 154 3.485890
2500 90 154 3.485890
2501 90 154 3.537472
2502 90 154 3.537472
2503 90 154 3.537472
2504 90 154 3.537472
2505 90 154 3.537472
2506 90 154 3.537472
2507 90 154 3.537472
2508 90 154 3.537472
2509 90 154 3.537472
2510 90 154 3.537472
2511 90 154 3.537472
2512 90 154 3.537472
2513 90 154 3.537472
2514 90 154 3.537472
2515 90 154 3.537472
2516 90 154 3.537472
2517 90 154 3.537472
2518 90 154 3.537472
2519 90 154 3.537472
2520 90 154 3.537472
2521 90 154 3.537472
2522 90 154 3.537472
2523 90 154 3.537472
2524 90 154 3.537472
2525 90 154 3.537472
2526 90 154 3.537472
2527 90 154 3.537472
2528 90 154 3.537472
2529 90 154 3.537472
2530 90 154 3.537472
2531 90 154 3.537472
2532 90 154 3.537472
2533 90 154 3.537472
2534 90 154 3.537472
2535 90 154 3.537472
2536 90 154 3.537472
2537 90 154 3.537472
2538 90 154 3.537472
2539 90 154 3.537472
2540 90 154 3.537472
2541 90 154 3.537472
2542 90 154 3.537472
2543 90 154 3.537472
2544 90 154 3.537472
2545 90 154 3.537472
2546 90 154 3.537472
2547 90 154 3.537472
2548 90 154 3.537472
2549 90 154 3.537472
2550 90 154 3.537472
2551 90 154 3.537472
2552 90 154 3.537472
2553 90 154 3.537472
2554 90 154 3.537472
2555 90 154 3.537472
2556 90 154 3.537472
2557 90 154 3.537472
2558 90 154 3.537472
2559 90 154 3.537472
2560 90 154 3.537472
2561 90 154 3.537472
2562 90 154 3.537472
2563 90 154 3.537472
2564 90 154 3.537472
2565 90 154 3.537472
2566 90 154 3.537472
2567 89 153 3.537472
2568 89 152 3.537472
2569 89 151 3.537472
2570 88 150 3.537472
2571 88 149 3.537472
2572 87 148 3.537472
2573 87 147 3.537472
2574 87 146 3.537472
2575 86 145 3.537472
2576 86 145 3.537472
2577 85 144 3.537472
2578 85 143 3.537472
2579 85 142 3.537472
2580 84 141 3.537472
2581 84 140 3.537472
2582 84 139 3.537472
2583 83 138 3.537472
2584 83 137 3.537472
2585 82 136 3.537472
2586 82 135 3.537472
2587 82 134 3.537472
2588 81 133 3.537472
2589 81 133 3.537472
2590 80 132 3.537472
2591 80 131 3.537472
2592 80 130 3.537472
2593 79 129 3.537472
2594 79 128 3.533472
2595 79 128 3.529472
2596 79 127 3.525472
2597 79 127 3.521472
2598 78 127 3.517472
2599 78 126 3.513472
2600 78 126 3.509472
2601 78 125 3.588621
2602 78 125 3.584621
2603 77 124 3.580621
2604 77 124 3.576621
2605 77 123 3.572621
2606 77 123 3.568621
2607 76 122 3.564621
2608 76 122 3.560622
2609 76 122 3.556622
2610 76 121 3.552622
2611 76 121 3.548622
2612 75 120 3.544622
2613 75 120 3.540622
2614 75 119 3.536622
2615 75 119 3.532622
2616 75 118 3.528622
2617 75 118 3.524622
2618 74 117 3.520622
2619 74 117 3.516622
2620 74 116 3.512622
2621 74 116 3.508622
2622 74 115 3.504622
2623 73 115 3.500622
2624 73 115 3.496622
2625 73 114 3.492622
2626 73 114 3.488622
2627 73 113 3.484622
2628 73 113 3.480623
2629 72 112 3.476623
2630 72 112 3.472623
2631 72 111 3.468623
2632 72 111 3.464623
2633 72 110 3.460623
2634 72 110 3.456623
2635 71 109 3.452623
2636 71 109 3.448623
2637 71 109 3.448623
2638 71 109 3.448623
2639 71 109 3.448623
2640 71 109 3.448623
2641 71 109 3.448623
2642 71 109 3.448623
2643 71 109 3.448623
2644 71 109 3.448623
2645 71 109 3.448623
2646 71 109 3.448623
2647 71 109 3.448623
2648 71 109 3.448623
2649 71 109 3.448623
2650 71 109 3.448623
2651 71 109 3.448623
2652 71 109 3.448623
2653 71 109 3.448623
2654 71 109 3.448623
2655 71 109 3.448623
2656 71 109 3.448623
2657 71 109 3.448623
2658 71 109 3.448623
2659 71 109 3.448623
2660 71 109 3.448623
2661 71 109 3.448623
2662 71 109 3.448623
2663 71 109 3.448623
2664 71 109 3.448623
2665 71 109 3.448623
2666 71 109 3.448623
2667 71 109 3.448623
2668 71 109 3.448623
2669 71 109 3.448623
2670 71 109 3.448623
2671 71 109 3.448623
2672 71 109 3.448623
2673 71 109 3.448623
2674 71 109 3.448623
2675 71 109 3.448623
2676 71 109 3.448623
2677 71 109 3.448623
2678 71 109 3.448623
2679 71 109 3.448623
2680 71 109 3.448623
2681 71 109 3.448623
2682 71 109 3.448623
2683 71 109 3.448623
2684 71 109 3.448623
2685 71 109 3.448623
2686 71 109 3.448623
2687 71 109 3.448623
2688 71 109 3.448623
2689 71 109 3.448623
2690 71 109 3.448623
2691 71 109 3.448623
2692 71 109 3.448623
2693 71 109 3.448623
2694 71 109 3.448623
2695 71 109 3.448623
2696 71 109 3.448623
2697 71 109 3.448623
2698 71 109 3.448623
2699 71 109 3.448623
2700 71 109 3.448623
2701 71 109 3.462955
2702 71 109 3.462955
2703 71 109 3.462955
2704 71 109 3.462955
2705 71 109 3.462955
2706 71 109 3.462955
2707 71 109 3.462955
2708 71 109 3.462955
2709 71 109 3.462955
2710 71 109 3.462955
2711 71 109 3.462955
2712 71 109 3.462955
2713 71 109 3.462955
2714 71 109 3.462955
2715 71 109 3.462955
2716 71 109 3.462955
2717 71 109 3.462955
2718 71 109 3.462955
2719 71 109 3.462955
2720 71 109 3.462955
2721 71 109 3.462955
2722 71 109 3.462955
2723 71 109 3.462955
2724 71 109 3.462955
2725 71 109 3.462955
2726 71 109 3.462955
2727 71 109 3.462955
2728 71 109 3.462955
2729 71 109 3.462955
2730 71 109 3.462955
2731 71 109 3.462955
2732 71 109 3.462955
2733 71 109 3.462955
2734 71 109 3.462955
2735 71 109 3.462955
2736 71 109 3.462955
2737 71 109 3.462955
2738 71 109 3.462955
2739 71 109 3.462955
2740 71 109 3.462955
2741 71 109 3.462955
2742 71 109 3.462955
2743 71 109 3.462955
2744 71 109 3.462955
2745 71 109 3.462955
2746 71 109 3.462955
2747 71 109 3.462955
2748 71 109 3.462955
2749 71 109 3.462955
2750 71 109 3.462955
2751 71 109 3.462955
2752 71 109 3.462955
2753 71 109 3.462955
2754 71 109 3.462955
2755 71 109 3.462955
2756 71 109 3.462955
2757 71 109 3.462955
2758 71 108 3.466955
2759 71 108 3.470955
2760 71 107 3.474955
2761 71 107 3.478955
2762 71 107 3.482955
2763 70 106 3.486954
2764 70 106 3.490954
2765 70 105 3.494954
2766 70 105 3.498954
2767 70 104 3.502954
2768 69 104 3.506954
2769 69 103 3.510954
2770 69 103 3.514954
2771 69 102 3.518954
2772 69 102 3.522954
2773 69 101 3.526954
2774 68 101 3.530954
2775 68 100 3.534954
2776 68 100 3.538954
2777 68 100 3.542954
2778 68 99 3.546954
2779 67 99 3.550954
2780 67 98 3.554954
2781 67 98 3.558954
2782 67 97 3.562953
2783 67 97 3.566953
2784 66 96 3.570953
2785 66 96 3.574953
2786 66 95 3.578953
2787 66 95 3.582953
2788 66 95 3.586953
2789 65 94 3.590953
2790 65 94 3.594953
2791 65 93 3.598953
2792 65 93 3.602953
2793 64 92 3.606953
2794 64 92 3.610953
2795 64 91 3.614953
2796 64 91 3.618953
2797 64 91 3.622953
2798 63 90 3.626953
2799 63 90 3.630953
2800 63 89 3.634953
2801 63 89 3.638952
2802 62 88 3.642952
2803 62 88 3.646952
2804 62 87 3.650952
2805 62 87 3.654952
2806 61 87 3.658952
2807 61 86 3.662952
2808 61 86 3.666952
2809 61 85 3.670952
2810 60 85 3.674952
2811 60 84 3.678952
2812 60 84 3.682952
2813 60 84 3.686952
2814 59 83 3.690952
2815 59 83 3.694952
2816 59 82 3.698952
2817 59 82 3.702952
2818 58 81 3.706952
2819 58 81 3.710952
2820 58 81 3.714952
2821 57 80 3.718951
2822 57 80 3.722951
2823 57 79 3.726951
2824 57 79 3.730951
2825 56 78 3.734951
2826 56 78 3.738951
2827 56 78 3.742951
2828 55 77 3.746951
2829 55 77 3.750951
2830 55 76 3.754951
2831 55 76 3.758951
2832 54 76 3.762951
2833 54 75 3.766951
2834 54 75 3.770951
2835 53 74 3.774951
2836 53 74 3.778951
2837 53 74 3.782951
2838 53 73 3.786951
2839 52 73 3.790951
2840 52 72 3.794950
2841 52 72 3.798950
2842 51 72 3.802950
2843 51 71 3.806950
2844 51 71 3.810950
2845 50 70 3.814950
2846 50 70 3.818950
2847 50 70 3.822950
2848 49 69 3.826950
2849 49 69 3.830950
2850 49 69 3.834950
2851 48 68 3.838950
2852 48 68 3.842950
2853 48 67 3.846950
2854 48 67 3.850950
2855 47 67 3.854950
2856 47 66 3.858950
2857 47 66 3.862950
2858 46 65 3.866950
2859 46 65 3.870950
2860 46 65 3.874949
2861 45 64 3.878949
2862 45 64 3.882949
2863 45 64 3.886949
2864 44 63 3.890949
2865 44 63 3.894949
2866 43 63 3.898949
2867 43 62 3.902949
2868 43 62 3.906949
2869 42 61 3.910949
2870 42 61 3.914949
2871 42 61 3.918949
2872 41 60 3.922949
2873 41 60 3.926949
2874 41 60 3.930949
2875 40 59 3.934949
2876 40 59 3.938949
2877 40 59 3.942949
2878 39 58 3.946949
2879 39 58 3.950948
2880 39 58 3.954948
2881 38 57 3.958948
2882 38 57 3.962948
2883 37 57 3.966948
2884 37 56 3.970948
2885 37 56 3.974948
2886 36 56 3.978948
2887 36 55 3.982948
2888 36 55 3.978948
2889 35 55 3.974948
2890 35 54 3.970948
2891 34 54 3.966948
2892 34 54 3.962948
2893 34 53 3.958948
2894 33 53 3.954948
2895 33 53 3.950948
2896 33 52 3.946949
2897 32 52 3.942949
2898 32 51 3.938949
2899 32 51 3.934949
2900 31 51 3.930949
2901 31 50 3.897011
2902 31 50 3.893011
2903 30 50 3.889011
2904 30 49 3.893011
2905 30 49 3.897011
2906 29 49 3.901011
2907 29 48 3.905011
2908 28 48 3.909011
2909 28 48 3.913011
2910 28 47 3.917011
2911 27 47 3.921010
2912 27 46 3.925010
2913 27 46 3.929010
2914 26 46 3.933010
2915 26 45 3.937010
2916 26 45 3.941010
2917 25 45 3.945010
2918 25 44 3.949010
2919 25 44 3.953010
2920 24 44 3.957010
2921 23 43 3.957010
2922 23 42 3.957010
2923 22 42 3.957010
2924 21 41 3.957010
2925 21 40 3.957010
2926 20 40 3.957010
2927 19 39 3.957010
2928 18 38 3.957010
2929 18 37 3.957010
2930 17 37 3.957010
2931 17 37 3.957010
2932 17 37 3.957010
2933 17 37 3.957010
2934 16 36 3.956289
2935 16 36 3.956289
2936 16 36 3.956289
2937 16 36 3.956289
2938 16 36 3.956289
2939 16 36 3.956289
2940 16 36 3.935937
2941 16 36 3.911638
2942 16 36 3.883140
2943 17 37 3.850232
2944 17 37 3.812740
2945 17 38 3.771245
2946 18 38 3.726286
2947 18 39 3.678360
2948 19 40 3.627926
2949 19 41 3.575409
2950 19 41 3.521198
2951 20 42 3.465647
2952 20 43 3.409086
2953 20 44 3.355809
2954 20 45 3.302089
2955 20 45 3.248170
2956 20 46 3.194275
2957 20 46 3.140603
2958 20 47 3.087333
2959 20 48 3.034624
2960 20 48 2.982619
2961 20 49 2.931442
2962 20 49 2.881202
2963 20 50 2.831995
2964 20 50 2.783902
2965 19 50 2.736994
2966 19 51 2.691326
2967 19 51 2.646949
2968 19 51 2.603899
2969 19 51 2.562205
2970 19 52 2.521890
2971 19 52 2.482967
2972 18 52 2.445444
2973 18 52 2.409322
2974 18 52 2.374596
2975 18 52 2.341259
2976 18 52 2.305298
2977 18 53 2.270694
2978 17 53 2.237429
2979 17 53 2.205478
2980 17 53 2.174816
2981 17 53 2.145414
2982 17 53 2.145414
2983 17 53 2.145414
2984 17 53 2.145414
2985 17 53 2.145414
2986 17 53 2.121833
2987 17 53 2.099313
2988 17 53 2.077818
2989 17 53 2.057311
2990 18 53 2.037755
2991 18 53 2.019116
2992 19 52 2.001355
2993 19 52 1.984438
2994 20 52 1.968329
2995 21 51 1.956993
2996 22 51 1.946396
2997 23 51 1.936504
2998 24 50 1.927283
2999 25 50 1.918702
3000 26 50 1.910730
3001 27 49 1.916649
3002 27 49 1.909802
3003 28 49 1.903474
3004 29 48 1.897637
3005 30 48 1.892264
3006 31 48 1.887330
3007 32 47 1.882809
3008 33 47 1.878676
3009 34 47 1.874910
3010 35 46 1.871487
3011 36 46 1.868386
3012 37 46 1.865587
3013 38 46 1.863070
3014 39 45 1.860817
3015 40 45 1.858809
3016 41 45 1.857031
3017 42 44 1.855466
3018 43 44 1.854098
3019 44 44 1.852913
3020 45 44 1.851897
3021 46 43 1.851038
3022 47 43 1.850322
3023 48 43 1.849739
3024 48 43 1.849277
3025 49 42 1.848926
3026 50 42 1.848677
3027 51 42 1.848520
3028 52 41 1.848446
3029 53 41 1.848448
3030 54 41 1.848517
3031 55 41 1.848648
3032 56 40 1.848833
3033 57 40 1.849067
3034 58 40 1.849343
3035 59 40 1.849657
3036 60 39 1.850003
3037 61 39 1.850377
3038 62 39 1.850775
3039 63 38 1.851192
3040 64 38 1.851627
3041 65 38 1.852074
3042 66 38 1.852531
3043 67 37 1.852996
3044 68 37 1.853466
3045 68 37 1.857938
3046 69 37 1.862411
3047 70 36 1.866883
3048 70 36 1.871352
3049 71 36 1.875817
3050 71 36 1.880276
3051 72 36 1.884729
3052 73 35 1.889173
3053 73 35 1.893609
3054 74 35 1.898035
3055 74 35 1.902452
3056 75 35 1.906857
3057 75 35 1.911252
3058 76 34 1.915635
3059 76 34 1.920006
3060 77 34 1.924365
3061 78 34 1.928712
3062 78 34 1.933047
3063 79 33 1.937369
3064 79 33 1.941679
3065 80 33 1.945977
3066 80 33 1.950263
3067 81 33 1.954537
3068 81 32 1.958799
3069 82 32 1.963049
3070 82 32 1.967288
3071 82 32 1.971516
3072 83 32 1.975733
3073 83 31 1.979939
3074 84 31 1.984135
3075 84 31 1.988321
3076 85 31 1.992497
3077 85 31 1.996664
3078 86 30 1.992821
3079 86 30 1.988970
3080 87 30 1.985110
3081 87 30 1.981242
3082 88 30 1.977366
3083 88 29 1.973483
3084 88 29 1.969592
3085 89 29 1.965695
3086 89 29 1.961791
3087 90 29 1.957880
3088 90 28 1.953964
3089 91 28 1.950042
3090 91 28 1.946114
3091 92 28 1.942181
3092 92 28 1.938243
3093 93 27 1.934301
3094 93 27 1.930354
3095 94 27 1.926403
3096 94 27 1.922448
3097 94 27 1.918489
3098 95 27 1.914527
3099 95 26 1.910561
3100 96 26 1.906593
3101 96 26 1.812236
3102 97 26 1.808262
3103 97 26 1.804285
3104 98 26 1.800306
3105 99 26 1.800324
3106 100 25 1.800341
3107 101 25 1.800355
3108 102 25 1.800368
3109 103 25 1.800379
3110 104 25 1.800389
3111 105 24 1.800397
3112 106 24 1.800404
3113 106 24 1.800409
3114 107 24 1.800414
3115 108 23 1.800417
3116 109 23 1.800420
3117 110 23 1.800422
3118 111 23 1.800423
3119 112 22 1.800423
3120 113 22 1.800422
3121 114 22 1.800421
3122 115 22 1.800420
3123 116 22 1.800418
3124 117 21 1.800416
3125 118 21 1.800413
3126 119 21 1.800410
3127 119 21 1.800407
3128 119 21 1.800404
3129 119 21 1.800400
3130 119 21 1.800396
3131 119 21 1.800393
3132 119 21 1.800389
3133 119 21 1.800385
3134 119 21 1.800380
3135 119 21 1.800376
3136 119 21 1.800372
3137 119 21 1.800368
3138 119 21 1.800364
3139 119 21 1.800360
3140 119 21 1.800356
3141 119 21 1.800352
3142 119 21 1.800348
3143 119 21 1.800344
3144 119 21 1.800340
3145 119 21 1.800336
3146 119 21 1.800333
3147 119 21 1.800329
3148 119 21 1.800326
3149 119 21 1.800323
3150 119 21 1.800319
3151 119 21 1.800316
3152 119 21 1.800313
3153 119 21 1.800310
3154 119 21 1.800308
3155 119 21 1.800305
3156 119 21 1.800303
3157 119 21 1.800300
3158 119 21 1.800298
3159 119 21 1.800295
3160 119 21 1.800293
3161 119 21 1.800291
3162 119 21 1.800289
3163 119 21 1.800287
3164 119 21 1.800286
3165 119 21 1.800284
3166 119 21 1.800282
3167 119 21 1.800281
3168 119 21 1.800279
3169 119 21 1.800278
3170 119 21 1.800277
3171 119 21 1.800276
3172 119 21 1.800274
3173 119 21 1.800273
3174 119 21 1.800272
3175 119 21 1.800272
3176 119 21 1.800271
3177 119 21 1.800270
3178 119 21 1.800269
3179 119 21 1.800268
3180 119 21 1.800268
3181 119 21 1.800267
3182 119 21 1.800267
3183 119 21 1.800266
3184 119 21 1.800266
3185 119 21 1.800265
3186 119 21 1.800265
3187 119 21 1.800264
3188 119 21 1.800264
3189 119 21 1.800264
3190 119 21 1.800263
3191 119 21 1.800263
3192 119 21 1.800263
3193 119 21 1.800263
3194 119 21 1.800262
3195 119 21 1.800262
3196 119 21 1.800262
3197 119 21 1.800262
3198 119 21 1.800262
3199 119 21 1.800262
3200 119 21 1.800262
3201 119 21 1.742156
3202 119 21 1.742156
3203 119 21 1.742156
3204 119 21 1.742156
3205 119 21 1.742156
3206 119 21 1.742156
3207 119 21 1.742156
3208 119 21 1.742156
3209 119 21 1.742156
3210 119 21 1.742156
3211 119 21 1.742156
3212 119 21 1.742156
3213 119 21 1.742156
3214 119 21 1.742156
3215 119 21 1.742156
3216 119 21 1.742156
3217 119 21 1.742156
3218 119 21 1.742156
3219 119 21 1.742156
3220 119 21 1.742156
3221 119 21 1.742156
3222 119 21 1.742156
3223 119 21 1.742156
3224 119 21 1.742156
3225 119 21 1.742156
3226 119 21 1.742156
3227 119 21 1.742156
3228 119 21 1.742156
3229 119 21 1.742156
3230 119 21 1.742156
3231 119 21 1.742156
3232 119 21 1.742156
3233 119 21 1.742156
3234 119 21 1.742156
3235 119 21 1.742156
3236 119 21 1.742156
3237 119 21 1.742156
3238 119 21 1.742156
3239 119 21 1.742156
3240 119 21 1.742156
3241 119 21 1.742156
3242 119 21 1.742156
3243 119 21 1.742156
3244 119 21 1.742156
3245 119 21 1.742156
3246 119 21 1.742156
3247 119 21 1.742156
3248 119 21 1.742156
3249 119 21 1.742156
3250 119 21 1.742156
3251 119 21 1.742156
3252 119 21 1.742156
3253 119 21 1.742156
3254 119 21 1.742156
3255 119 21 1.742156
3256 119 21 1.742156
3257 119 21 1.742156
3258 119 21 1.742156
3259 119 21 1.742156
3260 119 21 1.742156
3261 119 21 1.742156
3262 119 21 1.742156
3263 119 21 1.742156
3264 119 21 1.742156
3265 119 21 1.742156
3266 119 21 1.742156
3267 119 21 1.742156
3268 119 21 1.742156
3269 119 21 1.742156
3270 119 21 1.742156
3271 119 21 1.742156
3272 119 21 1.742156
3273 119 21 1.742156
3274 119 21 1.742156
3275 119 21 1.742156
3276 119 21 1.742156
3277 119 21 1.742156
3278 119 21 1.742156
3279 119 21 1.742156
3280 120 21 1.742156
3281 121 21 1.742156
3282 122 20 1.742156
3283 123 20 1.742156
3284 124 20 1.742156
3285 125 20 1.742156
3286 126 20 1.742156
3287 127 20 1.742156
3288 128 19 1.742156
3289 129 19 1.742156
3290 130 19 1.742156
3291 131 19 1.742156
3292 132 19 1.742156
3293 133 18 1.742156
3294 134 18 1.742156
3295 135 18 1.742156
3296 136 18 1.742156
3297 137 18 1.742156
3298 138 18 1.742156
3299 139 17 1.742156
3300 140 17 1.742156
3301 141 17 1.777559
3302 142 17 1.777559
3303 143 17 1.777559
3304 143 17 1.781559
3305 144 16 1.785559
3306 144 16 1.789559
3307 145 16 1.793559
3308 145 16 1.797559
3309 146 16 1.801559
3310 146 16 1.805559
3311 147 16 1.809559
3312 147 16 1.813559
3313 148 16 1.817559
3314 148 15 1.821559
3315 149 15 1.825559
3316 149 15 1.829558
3317 150 15 1.833558
3318 150 15 1.837558
3319 150 15 1.841558
3320 151 15 1.845558
3321 151 15 1.849558
3322 152 14 1.853558
3323 152 14 1.857558
3324 153 14 1.861558
3325 153 14 1.865558
3326 154 14 1.869558
3327 154 14 1.873558
3328 155 13 1.877558
3329 155 13 1.881558
3330 155 13 1.881558
3331 155 13 1.881558
3332 155 13 1.881558
3333 155 13 1.881558
3334 155 13 1.881558
3335 155 13 1.881558
3336 155 13 1.881558
3337 155 13 1.881558
3338 155 13 1.881558
3339 156 13 1.865205
3340 156 13 1.844906
3341 156 13 1.820409
3342 157 13 1.791501
3343 156 13 1.758009
3344 156 13 1.720514
3345 156 13 1.679554
3346 156 13 1.635628
3347 155 13 1.589195
3348 155 13 1.540678
3349 154 13 1.490466
3350 154 13 1.438916
3351 153 13 1.386354
3352 153 13 1.386354
3353 153 13 1.386354
3354 153 13 1.386354
3355 153 13 1.386354
3356 153 13 1.386354
3357 153 13 1.386354
3358 153 13 1.386354
3359 153 13 1.386354
3360 153 13 1.386354
3361 153 13 1.386354
3362 153 13 1.386354
3363 153 13 1.386354
3364 153 13 1.339445
3365 153 13 1.339445
3366 153 13 1.339445
3367 153 13 1.339445
3368 153 13 1.339445
3369 153 13 1.339445
3370 154 13 1.304522
3371 155 13 1.270999
3372 156 14 1.238876
3373 157 14 1.208151
3374 158 14 1.178815
3375 158 15 1.150853
3376 159 15 1.124250
3377 160 16 1.098984
3378 161 16 1.075033
3379 162 17 1.052371
3380 163 17 1.030969
3381 164 18 1.010797
3382 165 18 0.987823
3383 165 19 0.966015
3384 166 19 0.945339
3385 167 20 0.925758
3386 168 21 0.907238
3387 169 21 0.889743
3388 169 22 0.873236
3389 170 22 0.857680
3390 171 23 0.843040
3391 172 24 0.829280
3392 172 25 0.816363
3393 173 25 0.804254
3394 174 26 0.792918
3395 174 27 0.782321
3396 175 27 0.772428
3397 176 28 0.763208
3398 177 29 0.754627
3399 177 30 0.746655
3400 178 30 0.739259
3401 178 31 0.689654
3402 179 32 0.683326
3403 180 33 0.677489
3404 180 33 0.672117
3405 181 34 0.667182
3406 182 35 0.662661
3407 182 36 0.658528
3408 183 37 0.654762
3409 183 37 0.651339
3410 184 38 0.648238
3411 185 39 0.645439
3412 185 40 0.642922
3413 186 40 0.640669
3414 186 41 0.638662
3415 187 42 0.636883
3416 187 42 0.635318
3417 188 43 0.633950
3418 188 44 0.632765
3419 189 44 0.631749
3420 189 45 0.630890
3421 189 45 0.630174
3422 190 46 0.629591
3423 190 46 0.629130
3424 190 46 0.628779
3425 191 47 0.628529
3426 191 47 0.628372
3427 191 48 0.628298
3428 191 48 0.628300
3429 191 48 0.628370
3430 192 48 0.628500
3431 192 49 0.628686
3432 192 49 0.628919
3433 192 49 0.629195
3434 192 49 0.629509
3435 192 49 0.629855
3436 192 50 0.630229
3437 193 50 0.630627
3438 193 50 0.631045
3439 193 50 0.631479
3440 193 50 0.631926
3441 193 50 0.632384
3442 193 50 0.632849
3443 193 50 0.633318
3444 193 50 0.633791
3445 193 51 0.634264
3446 193 51 0.634736
3447 193 51 0.635205
3448 193 51 0.635670
3449 193 51 0.636129
3450 193 51 0.636581
3451 193 51 0.637026
3452 193 51 0.637462
3453 193 51 0.637888
3454 193 51 0.638304
3455 193 51 0.638710
3456 193 51 0.639104
3457 193 51 0.639487
3458 193 51 0.639859
3459 193 51 0.640218
3460 193 51 0.640565
3461 193 51 0.640900
3462 193 51 0.641222
3463 193 51 0.641532
3464 193 51 0.641830
3465 193 51 0.642116
3466 193 51 0.642390
3467 193 51 0.642652
3468 193 51 0.642902
3469 193 51 0.643141
3470 193 51 0.643369
3471 193 51 0.643586
3472 193 51 0.643792
3473 193 51 0.643988
3474 193 51 0.644174
3475 193 51 0.644350
3476 193 51 0.644517
3477 193 51 0.644674
3478 193 51 0.644823
3479 193 51 0.644963
3480 193 51 0.645095
3481 193 51 0.645219
3482 193 51 0.645336
3483 193 51 0.645445
3484 193 51 0.645548
3485 193 51 0.645644
3486 193 51 0.645733
3487 193 51 0.645817
3488 193 51 0.645895
3489 193 51 0.645967
3490 193 51 0.646034
3491 193 51 0.646096
3492 193 51 0.646154
3493 193 50 0.646207
3494 193 50 0.646256
3495 193 50 0.646301
3496 193 50 0.646342
3497 193 50 0.646380
3498 193 50 0.646414
3499 193 50 0.646446
3500 193 50 0.646474
3501 193 50 0.666358
3502 193 50 0.666381
3503 193 50 0.666402
3504 193 50 0.666421
3505 193 50 0.666437
3506 193 50 0.666452
3507 193 50 0.666465
3508 193 50 0.666476
3509 193 50 0.666485
3510 193 50 0.666494
3511 193 50 0.666500
3512 193 50 0.666506
3513 193 50 0.666511
3514 193 50 0.666514
3515 193 50 0.666517
3516 193 50 0.666518
3517 193 50 0.666519
3518 193 50 0.666520
3519 193 50 0.666519
3520 193 50 0.666518
3521 193 50 0.666517
3522 193 50 0.666515
3523 193 50 0.666513
3524 193 50 0.666510
3525 193 50 0.666507
3526 193 50 0.666504
3527 193 50 0.666501
3528 193 50 0.666497
3529 193 50 0.666493
3530 193 50 0.666489
3531 193 50 0.666485
3532 193 50 0.666481
3533 193 50 0.666477
3534 193 50 0.666473
3535 193 50 0.666469
3536 193 50 0.666465
3537 193 50 0.666461
3538 193 50 0.666457
3539 193 50 0.666453
3540 193 50 0.666449
3541 193 50 0.666445
3542 193 50 0.666441
3543 193 50 0.666437
3544 193 50 0.666433
3545 193 50 0.666430
3546 193 50 0.666426
3547 193 50 0.666423
3548 193 50 0.666420
3549 193 50 0.666416
3550 193 50 0.666413
3551 193 50 0.666410
3552 193 50 0.666407
3553 193 50 0.666405
3554 193 50 0.666402
3555 193 50 0.666399
3556 193 50 0.666397
3557 193 50 0.666395
3558 193 50 0.666392
3559 193 50 0.666390
3560 193 50 0.666388
3561 193 51 0.670386
3562 194 51 0.674384
3563 194 51 0.678383
3564 194 52 0.682381
3565 195 52 0.686379
3566 195 53 0.690378
3567 195 53 0.694376
3568 196 53 0.698375
3569 196 54 0.702374
3570 196 54 0.706373
3571 196 55 0.710372
3572 197 55 0.714370
3573 197 55 0.718369
3574 197 56 0.722369
3575 198 56 0.726368
3576 198 56 0.730367
3577 198 57 0.734366
3578 199 57 0.738365
3579 199 58 0.742365
3580 200 58 0.746364
3581 200 58 0.750364
3582 200 59 0.754363
3583 201 59 0.758363
3584 201 59 0.762362
3585 201 60 0.766362
3586 202 60 0.770361
3587 202 60 0.774361
3588 202 61 0.778361
3589 203 61 0.782360
3590 203 62 0.786360
3591 203 62 0.790360
3592 204 62 0.794360
3593 204 63 0.798359
3594 204 63 0.802359
3595 205 63 0.806359
3596 205 64 0.810359
3597 205 64 0.814359
3598 206 64 0.818359
3599 206 65 0.822359
3600 207 65 0.826359
3601 207 65 0.830359
3602 207 66 0.834359
3603 208 66 0.838358
3604 208 66 0.842358
3605 208 67 0.846358
3606 209 67 0.850358
3607 209 67 0.854358
3608 210 68 0.858358
3609 210 68 0.862358
3610 210 68 0.866358
3611 211 69 0.870358
3612 211 69 0.874358
3613 211 69 0.878358
3614 212 70 0.882358
3615 212 70 0.886358
3616 213 70 0.890358
3617 213 70 0.894358
3618 213 71 0.898358
3619 214 71 0.902358
3620 214 71 0.906358
3621 215 72 0.910358
3622 215 72 0.914358
3623 215 72 0.910359
3624 216 73 0.906359
3625 216 73 0.902359
3626 217 73 0.898359
3627 217 74 0.894359
3628 217 74 0.890359
3629 218 74 0.886359
3630 218 75 0.882359
3631 219 75 0.878359
3632 219 75 0.874359
3633 219 75 0.870359
3634 220 76 0.866359
3635 220 76 0.862359
3636 220 76 0.858359
3637 221 77 0.854359
3638 221 77 0.850359
3639 222 77 0.846359
3640 222 78 0.842359
3641 223 78 0.842359
3642 223 79 0.842359
3643 224 80 0.842359
3644 225 80 0.842359
3645 226 81 0.842359
3646 226 82 0.842359
3647 227 82 0.842359
3648 228 83 0.842359
3649 229 84 0.842359
3650 229 84 0.842359
3651 230 85 0.842359
3652 231 86 0.842359
3653 232 86 0.842359
3654 232 87 0.842359
3655 233 88 0.842359
3656 234 88 0.842359
3657 235 89 0.842359
3658 235 90 0.842359
3659 236 90 0.842359
3660 237 91 0.842359
3661 238 92 0.842359
3662 238 92 0.842359
3663 239 93 0.842359
3664 240 94 0.842359
3665 241 94 0.842359
3666 241 95 0.842359
3667 242 96 0.842359
3668 243 96 0.842359
3669 244 97 0.842359
3670 244 98 0.842359
3671 245 98 0.842359
3672 246 99 0.842359
3673 247 100 0.842359
3674 247 100 0.842359
3675 248 101 0.842359
3676 249 102 0.842359
3677 250 102 0.842359
3678 250 103 0.842359
3679 251 104 0.842359
3680 252 104 0.842359
3681 253 105 0.842359
3682 253 106 0.842359
3683 254 106 0.842359
3684 255 107 0.842359
3685 256 108 0.842359
3686 256 108 0.842359
3687 257 109 0.842359
3688 258 110 0.842359
3689 258 110 0.842359
3690 259 111 0.842359
3691 260 112 0.842359
3692 261 112 0.842359
3693 261 113 0.842359
3694 262 114 0.842359
3695 263 114 0.838359
3696 263 114 0.834359
3697 263 115 0.830359
3698 264 115 0.826359
3699 264 115 0.822359
3700 264 116 0.818359
3701 264 116 0.826620
3702 264 116 0.826620
3703 264 116 0.826620
3704 264 116 0.826620
3705 264 116 0.826620
3706 264 116 0.826620
3707 264 116 0.826620
3708 264 116 0.826620
3709 264 116 0.826620
3710 264 116 0.826620
3711 264 116 0.826620
3712 264 116 0.826620
3713 264 116 0.826620
3714 264 116 0.826620
3715 264 116 0.826620
3716 264 116 0.826620
3717 264 116 0.826620
3718 264 116 0.826620
3719 264 116 0.826620
3720 264 116 0.826620
3721 264 116 0.826620
3722 264 116 0.826620
3723 264 116 0.826620
3724 264 116 0.826620
3725 264 116 0.826620
3726 264 116 0.826620
3727 264 116 0.826620
3728 264 116 0.826620
3729 264 116 0.826620
3730 264 116 0.826620
3731 264 116 0.826620
3732 264 116 0.826620
3733 264 116 0.826620
3734 264 116 0.826620
3735 264 116 0.826620
3736 264 116 0.826620
3737 264 116 0.826620
3738 264 116 0.826620
3739 264 116 0.826620
3740 264 116 0.826620
3741 264 116 0.826620
3742 264 116 0.826620
3743 264 116 0.826620
3744 264 116 0.826620
3745 264 116 0.826620
3746 264 116 0.826620
3747 264 116 0.826620
3748 264 116 0.826620
3749 264 116 0.826620
3750 264 116 0.826620
3751 264 116 0.826620
3752 264 116 0.826620
3753 264 116 0.826620
3754 264 116 0.826620
3755 264 116 0.826620
3756 264 116 0.826620
3757 264 116 0.826620
3758 264 116 0.826620
3759 264 116 0.826620
3760 264 116 0.826620
3761 264 116 0.826620
3762 264 116 0.826620
3763 264 116 0.826620
3764 264 116 0.826620
3765 264 116 0.826620
3766 264 116 0.826620
3767 264 116 0.826620
3768 264 116 0.826620
3769 264 116 0.826620
3770 264 116 0.826620
3771 264 116 0.826620
3772 264 116 0.826620
3773 264 116 0.826620
3774 264 116 0.826620
3775 264 116 0.826620
3776 264 116 0.826620
3777 264 116 0.826620
3778 264 116 0.826620
3779 264 116 0.826620
3780 264 116 0.826620
3781 264 116 0.826620
3782 264 116 0.826620
3783 264 116 0.826620
3784 264 116 0.826620
3785 264 116 0.826620
3786 264 116 0.826620
3787 264 116 0.826620
3788 264 116 0.826620
3789 264 116 0.826620
3790 264 116 0.826620
3791 264 116 0.826620
3792 264 116 0.826620
3793 264 116 0.826620
3794 264 116 0.826620
3795 264 116 0.826620
3796 264 116 0.826620
3797 264 116 0.826620
3798 264 116 0.826620
3799 264 116 0.826620
3800 264 116 0.826620
3801 264 116 0.894210
3802 264 116 0.894210
3803 264 116 0.894210
3804 264 116 0.894210
3805 264 116 0.894210
3806 264 116 0.894210
3807 264 116 0.894210
3808 264 116 0.894210
3809 264 116 0.894210
3810 264 116 0.894210
3811 264 116 0.894210
3812 264 116 0.894210
3813 264 116 0.894210
3814 264 116 0.894210
3815 264 116 0.894210
3816 264 116 0.894210
3817 264 116 0.894210
3818 264 116 0.894210
3819 264 116 0.894210
3820 264 116 0.894210
3821 264 116 0.894210
3822 264 116 0.894210
3823 264 116 0.894210
3824 264 116 0.894210
3825 264 116 0.894210
3826 264 116 0.894210
3827 264 116 0.894210
3828 264 116 0.894210
3829 264 116 0.894210
3830 264 116 0.894210
3831 264 116 0.894210
3832 264 116 0.894210
3833 264 116 0.894210
3834 264 116 0.894210
3835 264 116 0.894210
3836 264 116 0.894210
3837 264 116 0.894210
3838 264 116 0.894210
3839 264 116 0.894210
3840 264 116 0.894210
3841 264 116 0.894210
3842 264 116 0.894210
3843 264 116 0.894210
3844 264 116 0.894210
3845 264 116 0.894210
3846 264 116 0.894210
3847 264 116 0.894210
3848 264 116 0.894210
3849 264 116 0.894210
3850 264 116 0.894210
3851 264 116 0.894210
3852 264 116 0.894210
3853 264 116 0.894210
3854 264 116 0.894210
3855 264 116 0.894210
3856 264 116 0.894210
3857 264 116 0.894210
3858 264 116 0.894210
3859 264 116 0.894210
3860 264 116 0.894210
3861 264 116 0.894210
3862 264 116 0.894210
3863 264 116 0.894210
3864 264 116 0.894210
3865 264 116 0.894210
3866 264 116 0.894210
3867 264 116 0.894210
3868 264 116 0.894210
3869 264 116 0.894210
3870 264 116 0.894210
3871 264 116 0.894210
3872 264 116 0.894210
3873 264 116 0.894210
3874 264 116 0.894210
3875 264 116 0.894210
3876 264 116 0.894210
3877 264 116 0.894210
3878 264 116 0.894210
3879 264 116 0.894210
3880 264 116 0.894210
3881 264 116 0.894210
3882 264 116 0.894210
3883 264 116 0.894210
3884 264 116 0.894210
3885 264 116 0.894210
3886 264 116 0.894210
3887 264 116 0.894210
3888 264 116 0.894210
3889 264 116 0.894210
3890 264 116 0.894210
3891 264 116 0.894210
3892 264 116 0.894210
3893 264 116 0.894210
3894 264 116 0.894210
3895 264 116 0.894210
3896 264 116 0.894210
3897 264 116 0.894210
3898 264 116 0.894210
3899 264 116 0.894210
3900 264 116 0.894210
3901 264 116 0.957105
3902 264 116 0.957105
3903 264 116 0.957105
3904 264 116 0.957105
3905 264 116 0.957105
3906 264 116 0.957105
3907 264 116 0.957105
3908 264 116 0.957105
3909 264 116 0.957105
3910 264 116 0.957105
3911 264 116 0.957105
3912 264 116 0.957105
3913 264 116 0.957105
3914 264 116 0.957105
3915 264 116 0.957105
3916 264 116 0.957105
3917 264 116 0.957105
3918 264 116 0.957105
3919 264 116 0.957105
3920 264 116 0.957105
3921 264 116 0.957105
3922 264 116 0.957105
3923 264 116 0.957105
3924 264 116 0.957105
3925 264 116 0.957105
3926 264 116 0.957105
3927 265 116 0.957105
3928 266 117 0.957105
3929 267 117 0.957105
3930 268 118 0.957105
3931 269 119 0.957105
3932 269 119 0.957105
3933 270 120 0.957105
3934 271 120 0.957105
3935 272 121 0.957105
3936 273 122 0.957105
3937 273 122 0.957105
3938 274 123 0.957105
3939 275 123 0.957105
3940 275 123 0.957105
3941 275 123 0.957105
3942 275 123 0.957105
3943 275 123 0.957105
3944 275 123 0.957105
3945 275 123 0.957105
3946 275 123 0.957105
3947 275 123 0.957105
3948 275 123 0.957105
3949 275 123 0.957105
3950 275 123 0.957105
3951 275 123 0.957105
3952 275 123 0.957105
3953 275 123 0.957105
3954 275 123 0.957105
3955 275 123 0.957105
3956 275 123 0.957105
3957 275 123 0.957105
3958 275 123 0.957105
3959 275 123 0.957105
3960 275 123 0.957105
3961 275 123 0.957105
3962 275 123 0.957105
3963 275 123 0.957105
3964 275 123 0.957105
3965 275 123 0.957105
3966 275 123 0.957105
3967 275 123 0.957105
3968 275 123 0.957105
3969 275 123 0.957105
3970 275 123 0.957105
3971 275 123 0.957105
3972 275 123 0.957105
3973 275 123 0.957105
3974 275 123 0.957105
3975 275 123 0.957105
3976 275 123 0.957105
3977 275 123 0.957105
3978 275 123 0.957105
3979 275 123 0.957105
3980 275 123 0.957105
3981 275 123 0.957105
3982 275 123 0.957105
3983 275 123 0.957105
3984 275 123 0.957105
3985 275 123 0.957105
3986 275 123 0.957105
3987 275 123 0.957105
3988 275 123 0.957105
3989 275 123 0.957105
3990 275 123 0.957105
3991 275 123 0.957105
3992 275 123 0.957105
3993 275 123 0.957105
3994 275 123 0.957105
3995 275 123 0.957105
3996 275 123 0.957105
3997 275 123 0.957105
3998 275 123 0.957105
3999 275 123 0.957105
4000 275 123 0.957105
4001 275 123 0.918821
4002 275 123 0.918821
4003 275 123 0.918821
4004 275 123 0.918821
4005 275 123 0.918821
4006 275 123 0.918821
4007 275 123 0.918821
4008 275 123 0.918821
4009 275 123 0.918821
4010 275 123 0.918821
4011 275 123 0.918821
4012 275 123 0.918821
4013 275 123 0.918821
4014 275 123 0.918821
4015 275 123 0.918821
4016 275 123 0.918821
4017 275 123 0.918821
4018 275 123 0.918821
4019 275 123 0.918821
4020 275 123 0.918821
4021 275 123 0.918821
4022 275 123 0.918821
4023 275 123 0.918821
4024 275 123 0.918821
4025 275 123 0.918821
4026 275 123 0.918821
4027 275 123 0.918821
4028 275 123 0.918821
4029 275 123 0.918821
4030 275 123 0.918821
4031 275 123 0.918821
4032 275 123 0.918821
4033 275 123 0.918821
4034 275 123 0.918821
4035 275 123 0.918821
4036 275 123 0.918821
4037 275 123 0.918821
4038 275 123 0.918821
4039 275 123 0.918821
4040 275 123 0.918821
4041 275 123 0.918821
4042 275 123 0.918821
4043 275 123 0.918821
4044 275 123 0.918821
4045 275 123 0.918821
4046 275 123 0.918821
4047 275 123 0.918821
4048 275 123 0.918821
4049 275 123 0.918821
4050 275 123 0.918821
4051 275 123 0.918821
4052 275 123 0.918821
4053 275 123 0.918821
4054 275 123 0.918821
4055 275 123 0.918821
4056 275 123 0.918821
4057 275 123 0.918821
4058 275 123 0.918821
4059 275 123 0.918821
4060 275 123 0.918821
4061 275 123 0.918821
4062 275 123 0.918821
4063 275 123 0.918821
4064 275 123 0.918821
4065 275 123 0.918821
4066 275 123 0.918821
4067 275 123 0.918821
4068 275 123 0.918821
4069 275 123 0.918821
4070 275 123 0.918821
4071 275 123 0.918821
4072 275 123 0.918821
4073 275 123 0.918821
4074 275 123 0.918821
4075 275 123 0.918821
4076 275 123 0.918821
4077 275 123 0.918821
4078 275 123 0.918821
4079 275 123 0.918821
4080 275 123 0.918821
4081 275 123 0.918821
4082 275 123 0.918821
4083 275 123 0.918821
4084 275 123 0.918821
4085 275 123 0.918821
4086 275 123 0.918821
4087 275 123 0.918821
4088 275 123 0.918821
4089 275 123 0.918821
4090 275 123 0.918821
4091 275 123 0.918821
4092 275 123 0.918821
4093 275 123 0.918821
4094 275 123 0.918821
4095 275 123 0.918821
4096 275 123 0.918821
4097 275 123 0.918821
4098 275 123 0.918821
4099 275 123 0.918821
4100 275 123 0.918821
4101 275 123 0.866910
4102 275 123 0.866910
4103 275 123 0.866910
4104 275 123 0.866910
4105 275 123 0.866910
4106 275 123 0.866910
4107 275 123 0.866910
4108 275 123 0.866910
4109 275 123 0.866910
4110 275 123 0.866910
4111 275 123 0.866910
4112 275 123 0.866910
4113 275 123 0.866910
4114 275 123 0.866910
4115 275 123 0.866910
4116 275 123 0.866910
4117 275 123 0.866910
4118 275 123 0.866910
4119 275 123 0.866910
4120 275 123 0.866910
4121 275 123 0.866910
4122 275 123 0.866910
4123 275 123 0.866910
4124 275 123 0.866910
4125 275 123 0.866910
4126 275 123 0.866910
4127 275 123 0.866910
4128 275 123 0.866910
4129 275 123 0.866910
4130 275 123 0.866910
4131 275 123 0.866910
4132 275 123 0.866910
4133 275 123 0.866910
4134 275 123 0.866910
4135 275 123 0.866910
4136 275 123 0.866910
4137 275 123 0.866910
4138 275 123 0.866910
4139 275 123 0.866910
4140 275 123 0.866910
4141 275 123 0.866910
4142 275 123 0.866910
4143 275 123 0.866910
4144 275 123 0.866910
4145 275 123 0.866910
4146 275 123 0.866910
4147 275 123 0.866910
4148 275 123 0.866910
4149 275 123 0.866910
4150 275 123 0.866910
4151 275 123 0.866910
4152 275 123 0.866910
4153 275 123 0.866910
4154 275 123 0.866910
4155 275 123 0.866910
4156 275 123 0.866910
4157 275 123 0.866910
4158 275 123 0.866910
4159 275 123 0.866910
4160 275 123 0.866910
4161 275 123 0.866910
4162 275 123 0.866910
4163 275 123 0.866910
4164 275 123 0.866910
4165 275 123 0.866910
4166 275 123 0.866910
4167 275 123 0.866910
4168 275 123 0.866910
4169 275 123 0.866910
4170 275 123 0.866910
4171 275 123 0.866910
4172 275 123 0.866910
4173 275 123 0.866910
4174 275 123 0.866910
4175 275 123 0.866910
4176 275 123 0.866910
4177 275 123 0.866910
4178 275 123 0.866910
