0 0.000000 0.000000 0.000000 0.000000 0.000000 0.308829 0.291897 0.200002 0.000573 0.000541 0.200002 0.000000 0.000000 0.100000 0.049749 0.049749 0.000000 0.000000 1.000000 0.004975 0.004975 0.004975 0.000000 0.000000 0.000000 0.000000 0.000000
1 0.000000 0.000000 0.000000 0.000000 0.000000 0.309922 0.291809 0.200002 0.002793 0.002637 0.200002 0.000000 0.000000 0.050125 -0.000127 -0.000127 0.000000 0.000000 1.000000 0.004975 0.004975 0.004975 0.000000 0.000000 0.000000 0.000000 0.000000
2 0.000000 0.000000 0.000000 0.000000 0.000000 0.310818 0.292190 0.200002 0.007025 0.006629 0.200002 0.000000 0.000000 0.050125 -0.000127 -0.000127 0.000000 0.000000 1.000000 0.004975 0.004975 0.004975 0.000000 0.000000 0.000000 0.000000 0.000000
3 0.000000 0.000000 0.000000 0.000000 0.000000 0.311722 0.292569 0.200002 0.013005 0.012264 0.200002 0.000000 0.000000 0.050125 -0.000127 -0.000127 0.000000 0.000000 1.000000 0.004975 0.004975 0.004975 0.000000 0.000000 0.000000 0.000000 0.000000
4 0.000000 0.000000 0.000000 0.000000 0.000000 0.312633 0.292947 0.200002 0.020493 0.019313 0.200002 0.000000 0.000000 0.050125 -0.000127 -0.000127 0.000000 0.000000 1.000000 0.004975 0.004975 0.004975 0.000000 0.000000 0.000000 0.000000 0.000000
5 0.000000 0.000000 0.000000 0.000000 0.000000 0.313552 0.293323 0.200001 0.029267 0.027565 0.200001 0.000000 0.000000 0.050125 -0.000127 -0.000127 0.000000 0.000000 1.000000 0.004975 0.004975 0.004975 0.000000 0.000000 0.000000 0.000000 0.000000
6 0.000000 0.000000 0.000000 0.000000 0.000000 0.314479 0.293696 0.200001 0.039126 0.036831 0.200001 0.000000 0.000000 0.050125 -0.000127 -0.000127 0.000000 0.000000 1.000000 0.004975 0.004975 0.004975 0.000000 0.000000 0.000000 0.000000 0.000000
7 0.000000 0.000000 0.000000 0.000000 0.000000 0.315413 0.294068 0.200001 0.049891 0.046938 0.200001 0.000000 0.000000 0.050125 -0.000127 -0.000127 0.000000 0.000000 1.000000 0.004975 0.004975 0.004975 0.000000 0.000000 0.000000 0.000000 0.000000
8 0.000000 0.000000 0.000000 0.000000 0.000000 0.316355 0.294438 0.200000 0.061397 0.057734 0.200000 0.000000 0.000000 0.050125 -0.000127 -0.000127 0.000000 0.000000 1.000000 0.004975 0.004975 0.004975 0.000000 0.000000 0.000000 0.000000 0.000000
9 0.000000 0.000000 0.000000 0.000000 0.000000 0.317306 0.294806 0.199999 0.073500 0.069080 0.199999 0.000000 0.000000 0.050125 -0.000127 -0.000127 0.000000 0.000000 1.000000 0.004975 0.004975 0.004975 0.000000 0.000000 0.000000 0.000000 0.000000
10 0.000000 0.000000 0.000000 0.000000 0.000000 0.318264 0.295172 0.199998 0.086071 0.080854 0.199999 0.000000 0.000000 0.050125 -0.000127 -0.000127 0.000000 0.000000 1.000000 0.004975 0.004975 0.004975 0.000000 0.000000 0.000000 0.000000 0.000000
11 0.000000 0.000000 0.000000 0.000000 0.000000 0.319230 0.295536 0.199998 0.098995 0.092948 0.199998 0.000000 0.000000 0.050125 -0.000127 -0.000127 0.000000 0.000000 1.000000 0.004975 0.004975 0.004975 0.000000 0.000000 0.000000 0.000000 0.000000
12 0.000000 0.000000 0.000000 0.000000 0.000000 0.320205 0.295897 0.199997 0.112171 0.105265 0.199997 0.000000 0.000000 0.050125 -0.000127 -0.000127 0.000000 0.000000 1.000000 0.004975 0.004975 0.004975 0.000000 0.000000 0.000000 0.000000 0.000000
13 0.000000 0.000000 0.000000 0.000000 0.000000 0.321188 0.296257 0.199995 0.125511 0.117722 0.199996 0.000000 0.000000 0.050125 -0.000127 -0.000127 0.000000 0.000000 1.000000 0.004975 0.004975 0.004975 0.000000 0.000000 0.000000 0.000000 0.000000
14 0.000000 0.000000 0.000000 0.000000 0.000000 0.322180 0.296614 0.199994 0.138937 0.130246 0.199994 0.000000 0.000000 0.050125 -0.000127 -0.000127 0.000000 0.000000 1.000000 0.004975 0.004975 0.004975 0.000000 0.000000 0.000000 0.000000 0.000000
15 0.000000 0.000000 0.000000 0.000000 0.000000 0.323180 0.296968 0.199993 0.152381 0.142773 0.199993 0.000000 0.000000 0.050125 -0.000127 -0.000127 0.000000 0.000000 1.000000 0.004975 0.004975 0.004975 0.000000 0.000000 0.000000 0.000000 0.000000
16 0.000000 0.000000 0.000000 0.000000 0.000000 0.324189 0.297321 0.199991 0.165787 0.155247 0.199992 0.000000 0.000000 0.050125 -0.000127 -0.000127 0.000000 0.000000 1.000000 0.004975 0.004975 0.004975 0.000000 0.000000 0.000000 0.000000 0.000000
17 0.000000 0.000000 0.000000 0.000000 0.000000 0.325207 0.297671 0.199989 0.179103 0.167622 0.199990 0.000000 0.000000 0.050125 -0.000127 -0.000127 0.000000 0.000000 1.000000 0.004975 0.004975 0.004975 0.000000 0.000000 0.000000 0.000000 0.000000
18 0.000000 0.000000 0.000000 0.000000 0.000000 0.326234 0.298018 0.199987 0.192288 0.179857 0.199988 0.000000 0.000000 0.050125 -0.000127 -0.000127 0.000000 0.000000 1.000000 0.004975 0.004975 0.004975 0.000000 0.000000 0.000000 0.000000 0.000000
19 0.000000 0.000000 0.000000 0.000000 0.000000 0.327269 0.298363 0.199985 0.205306 0.191919 0.199986 0.000000 0.000000 0.050125 -0.000127 -0.000127 0.000000 0.000000 1.000000 0.004975 0.004975 0.004975 0.000000 0.000000 0.000000 0.000000 0.000000
20 0.000000 0.000000 0.000000 0.000000 0.000000 0.328315 0.298705 0.199983 0.218126 0.203778 0.199984 0.000000 0.000000 0.050125 -0.000127 -0.000127 0.000000 0.000000 1.000000 0.004975 0.004975 0.004975 0.000000 0.000000 0.000000 0.000000 0.000000
21 0.000000 0.000000 0.000000 0.000000 0.000000 0.329369 0.299044 0.199981 0.230723 0.215410 0.199982 0.000000 0.000000 0.050125 -0.000127 -0.000127 0.000000 0.000000 1.000000 0.004975 0.004975 0.004975 0.000000 0.000000 0.000000 0.000000 0.000000
22 0.000000 0.000000 0.000000 0.000000 0.000000 0.330433 0.299381 0.199979 0.243078 0.226797 0.199980 0.000000 0.000000 0.050125 -0.000127 -0.000127 0.000000 0.000000 1.000000 0.004975 0.004975 0.004975 0.000000 0.000000 0.000000 0.000000 0.000000
23 0.000000 0.000000 0.000000 0.000000 0.000000 0.331506 0.299714 0.199976 0.255174 0.237924 0.199978 0.000000 0.000000 0.050125 -0.000127 -0.000127 0.000000 0.000000 1.000000 0.004975 0.004975 0.004975 0.000000 0.000000 0.000000 0.000000 0.000000
24 0.000000 0.000000 0.000000 0.000000 0.000000 0.332589 0.300045 0.199974 0.266998 0.248777 0.199976 0.000000 0.000000 0.050125 -0.000127 -0.000127 0.000000 0.000000 1.000000 0.004975 0.004975 0.004975 0.000000 0.000000 0.000000 0.000000 0.000000
25 0.000000 0.000000 0.000000 0.000000 0.000000 0.333683 0.300373 0.199971 0.278542 0.259347 0.199973 0.000000 0.000000 0.050125 -0.000127 -0.000127 0.000000 0.000000 1.000000 0.004975 0.004975 0.004975 0.000000 0.000000 0.000000 0.000000 0.000000
26 0.000000 0.000000 0.000000 0.000000 0.000000 0.334249 0.300504 0.199969 0.289796 0.269628 0.199971 0.000000 0.000000 0.050125 -0.000127 -0.000127 0.000000 0.000000 1.000000 0.004975 0.004975 0.004975 0.000000 0.000000 0.000000 0.000000 0.000000
27 0.000000 0.000000 0.000000 0.000000 0.000000 0.334820 0.300632 0.199966 0.300755 0.279615 0.199968 0.000000 0.000000 0.050125 -0.000127 -0.000127 0.000000 0.000000 1.000000 0.004975 0.004975 0.004975 0.000000 0.000000 0.000000 0.000000 0.000000
28 0.000000 0.000000 0.000000 0.000000 0.000000 0.335393 0.300757 0.199963 0.311412 0.289304 0.199965 0.000000 0.000000 0.050125 -0.000127 -0.000127 0.000000 0.000000 1.000000 0.004975 0.004975 0.004975 0.000000 0.000000 0.000000 0.000000 0.000000
29 0.000000 0.000000 0.000000 0.000000 0.000000 0.335970 0.300880 0.199960 0.321765 0.298693 0.199962 0.000000 0.000000 0.050125 -0.000127 -0.000127 0.000000 0.000000 1.000000 0.004975 0.004975 0.004975 0.000000 0.000000 0.000000 0.000000 0.000000
30 0.000000 0.000000 0.000000 0.000000 0.000000 0.336551 0.301001 0.199957 0.331813 0.307782 0.199960 0.000000 0.000000 0.050125 -0.000127 -0.000127 0.000000 0.000000 1.000000 0.004975 0.004975 0.004975 0.000000 0.000000 0.000000 0.000000 0.000000
31 0.000000 0.000000 0.000000 0.000000 0.000000 0.337134 0.301118 0.199953 0.341556 0.316572 0.199956 0.000000 0.000000 0.050125 -0.000127 -0.000127 0.000000 0.000000 1.000000 0.004975 0.004975 0.004975 0.000000 0.000000 0.000000 0.000000 0.000000
32 0.000000 0.000000 0.000000 0.000000 0.000000 0.337722 0.301233 0.199950 0.350995 0.325067 0.199953 0.000000 0.000000 0.050125 -0.000127 -0.000127 0.000000 0.000000 1.000000 0.004975 0.004975 0.004975 0.000000 0.000000 0.000000 0.000000 0.000000
33 0.000000 0.000000 0.000000 0.000000 0.000000 0.338312 0.301345 0.199947 0.360133 0.333269 0.199950 0.000000 0.000000 0.050125 -0.000127 -0.000127 0.000000 0.000000 1.000000 0.004975 0.004975 0.004975 0.000000 0.000000 0.000000 0.000000 0.000000
34 0.000000 0.000000 0.000000 0.000000 0.000000 0.338907 0.301455 0.199943 0.368975 0.341183 0.199947 0.000000 0.000000 0.050125 -0.000127 -0.000127 0.000000 0.000000 1.000000 0.004975 0.004975 0.004975 0.000000 0.000000 0.000000 0.000000 0.000000
35 0.000000 0.000000 0.000000 0.000000 0.000000 0.339504 0.301562 0.199939 0.377526 0.348813 0.199944 0.000000 0.000000 0.050125 -0.000127 -0.000127 0.000000 0.000000 1.000000 0.004975 0.004975 0.004975 0.000000 0.000000 0.000000 0.000000 0.000000
36 0.000000 0.000000 0.000000 0.000000 0.000000 0.340106 0.301666 0.199936 0.385789 0.356166 0.199940 0.000000 0.000000 0.050125 -0.000127 -0.000127 0.000000 0.000000 1.000000 0.004975 0.004975 0.004975 0.000000 0.000000 0.000000 0.000000 0.000000
37 0.000000 0.000000 0.000000 0.000000 0.000000 0.340711 0.301767 0.199932 0.393773 0.363247 0.199937 0.000000 0.000000 0.050125 -0.000127 -0.000127 0.000000 0.000000 1.000000 0.004975 0.004975 0.004975 0.000000 0.000000 0.000000 0.000000 0.000000
38 0.000000 0.000000 0.000000 0.000000 0.000000 0.341319 0.301866 0.199928 0.401483 0.370063 0.199933 0.000000 0.000000 0.050125 -0.000127 -0.000127 0.000000 0.000000 1.000000 0.004975 0.004975 0.004975 0.000000 0.000000 0.000000 0.000000 0.000000
39 0.000000 0.000000 0.000000 0.000000 0.000000 0.341931 0.301961 0.199924 0.408926 0.376620 0.199930 0.000000 0.000000 0.050125 -0.000127 -0.000127 0.000000 0.000000 1.000000 0.004975 0.004975 0.004975 0.000000 0.000000 0.000000 0.000000 0.000000
40 0.000000 0.000000 0.000000 0.000000 0.000000 0.342547 0.302054 0.199920 0.416109 0.382926 0.199926 0.000000 0.000000 0.050125 -0.000127 -0.000127 0.000000 0.000000 1.000000 0.004975 0.004975 0.004975 0.000000 0.000000 0.000000 0.000000 0.000000
41 0.000000 0.000000 0.000000 0.000000 0.000000 0.343167 0.302145 0.199916 0.423039 0.388987 0.199922 0.000000 0.000000 0.050125 -0.000127 -0.000127 0.000000 0.000000 1.000000 0.004975 0.004975 0.004975 0.000000 0.000000 0.000000 0.000000 0.000000
42 0.000000 0.000000 0.000000 0.000000 0.000000 0.344386 0.302387 0.199912 0.429725 0.394811 0.199919 0.000000 0.000000 0.050125 -0.000127 -0.000127 0.000000 0.000000 1.000000 0.004975 0.004975 0.004975 0.000000 0.000000 0.000000 0.000000 0.000000
43 0.000000 0.000000 0.000000 0.000000 0.000000 0.345618 0.302626 0.199908 0.436178 0.400406 0.199915 0.000000 0.000000 0.050125 -0.000127 -0.000127 0.000000 0.000000 1.000000 0.004975 0.004975 0.004975 0.000000 0.000000 0.000000 0.000000 0.000000
44 0.000000 0.000000 0.000000 0.000000 0.000000 0.346863 0.302860 0.199904 0.442407 0.405779 0.199911 0.000000 0.000000 0.050125 -0.000127 -0.000127 0.000000 0.000000 1.000000 0.004975 0.004975 0.004975 0.000000 0.000000 0.000000 0.000000 0.000000
45 0.000000 0.000000 0.000000 0.000000 0.000000 0.348120 0.303090 0.199900 0.448423 0.410939 0.199907 0.000000 0.000000 0.050125 -0.000127 -0.000127 0.000000 0.000000 1.000000 0.004975 0.004975 0.004975 0.000000 0.000000 0.000000 0.000000 0.000000
46 0.000000 0.000000 0.000000 0.000000 0.000000 0.349391 0.303317 0.199895 0.454235 0.415894 0.199903 0.000000 0.000000 0.050125 -0.000127 -0.000127 0.000000 0.000000 1.000000 0.004975 0.004975 0.004975 0.000000 0.000000 0.000000 0.000000 0.000000
47 0.000000 0.000000 0.000000 0.000000 0.000000 0.350674 0.303539 0.199891 0.459854 0.420650 0.199899 0.000000 0.000000 0.050125 -0.000127 -0.000127 0.000000 0.000000 1.000000 0.004975 0.004975 0.004975 0.000000 0.000000 0.000000 0.000000 0.000000
48 0.000000 0.000000 0.000000 0.000000 0.000000 0.351971 0.303756 0.199887 0.465288 0.425215 0.199895 0.000000 0.000000 0.050125 -0.000127 -0.000127 0.000000 0.000000 1.000000 0.004975 0.004975 0.004975 0.000000 0.000000 0.000000 0.000000 0.000000
49 0.000000 0.000000 0.000000 0.000000 0.000000 0.353281 0.303970 0.199882 0.470547 0.429596 0.199891 0.000000 0.000000 0.050125 -0.000127 -0.000127 0.000000 0.000000 1.000000 0.004975 0.004975 0.004975 0.000000 0.000000 0.000000 0.000000 0.000000
50 0.000000 0.000000 0.000000 0.000000 0.000000 0.354606 0.304179 0.199878 0.475639 0.433801 0.199887 0.000000 0.000000 0.050125 -0.000127 -0.000127 0.000000 0.000000 1.000000 0.004975 0.004975 0.004975 0.000000 0.000000 0.000000 0.000000 0.000000
51 0.000000 0.000000 0.000000 0.000000 0.000000 0.355944 0.304384 0.199873 0.480571 0.437837 0.199883 0.000000 0.000000 0.050125 -0.000127 -0.000127 0.000000 0.000000 1.000000 0.004975 0.004975 0.004975 0.000000 0.000000 0.000000 0.000000 0.000000
52 0.000000 0.000000 0.000000 0.000000 0.000000 0.357297 0.304584 0.199868 0.485352 0.441709 0.199879 0.000000 0.000000 0.050125 -0.000127 -0.000127 0.000000 0.000000 1.000000 0.004975 0.004975 0.004975 0.000000 0.000000 0.000000 0.000000 0.000000
53 0.000000 0.000000 0.000000 0.000000 0.000000 0.358664 0.304780 0.199864 0.489989 0.445424 0.199874 0.000000 0.000000 0.050125 -0.000127 -0.000127 0.000000 0.000000 1.000000 0.004975 0.004975 0.004975 0.000000 0.000000 0.000000 0.000000 0.000000
54 0.000000 0.000000 0.000000 0.000000 0.000000 0.360046 0.304971 0.199859 0.494490 0.448988 0.199870 0.000000 0.000000 0.050125 -0.000127 -0.000127 0.000000 0.000000 1.000000 0.004975 0.004975 0.004975 0.000000 0.000000 0.000000 0.000000 0.000000
55 0.000000 0.000000 0.000000 0.000000 0.000000 0.361443 0.305158 0.199854 0.498861 0.452408 0.199866 0.000000 0.000000 0.050125 -0.000127 -0.000127 0.000000 0.000000 1.000000 0.004975 0.004975 0.004975 0.000000 0.000000 0.000000 0.000000 0.000000
56 0.000000 0.000000 0.000000 0.000000 0.000000 0.362855 0.305340 0.199850 0.503109 0.455688 0.199862 0.000000 0.000000 0.050125 -0.000127 -0.000127 0.000000 0.000000 1.000000 0.004975 0.004975 0.004975 0.000000 0.000000 0.000000 0.000000 0.000000
57 0.000000 0.000000 0.000000 0.000000 0.000000 0.364282 0.305517 0.199845 0.507241 0.458836 0.199857 0.000000 0.000000 0.050125 -0.000127 -0.000127 0.000000 0.000000 1.000000 0.004975 0.004975 0.004975 0.000000 0.000000 0.000000 0.000000 0.000000
58 0.000000 0.000000 0.000000 0.000000 0.000000 0.365726 0.305690 0.199840 0.511261 0.461855 0.199853 0.000000 0.000000 0.050125 -0.000127 -0.000127 0.000000 0.000000 1.000000 0.004975 0.004975 0.004975 0.000000 0.000000 0.000000 0.000000 0.000000
59 0.000000 0.000000 0.000000 0.000000 0.000000 0.366473 0.305738 0.199835 0.515176 0.464751 0.199848 0.000000 0.000000 0.050125 -0.000127 -0.000127 0.000000 0.000000 1.000000 0.004975 0.004975 0.004975 0.000000 0.000000 0.000000 0.000000 0.000000
60 0.000000 0.000000 0.000000 0.000000 0.000000 0.367226 0.305783 0.199830 0.518989 0.467529 0.199844 0.000000 0.000000 0.050125 -0.000127 -0.000127 0.000000 0.000000 1.000000 0.004975 0.004975 0.004975 0.000000 0.000000 0.000000 0.000000 0.000000
61 0.000000 0.000000 0.000000 0.000000 0.000000 0.367983 0.305825 0.199825 0.522700 0.470192 0.199839 0.000000 0.000000 0.050125 -0.000127 -0.000127 0.000000 0.000000 1.000000 0.004975 0.004975 0.004975 0.000000 0.000000 0.000000 0.000000 0.000000
62 0.000000 0.000000 0.000000 0.000000 0.000000 0.368746 0.305863 0.199820 0.526312 0.472745 0.199835 0.000000 0.000000 0.050125 -0.000127 -0.000127 0.000000 0.000000 1.000000 0.004975 0.004975 0.004975 0.000000 0.000000 0.000000 0.000000 0.000000
63 0.000000 0.000000 0.000000 0.000000 0.000000 0.369514 0.305899 0.199815 0.529827 0.475192 0.199830 0.000000 0.000000 0.050125 -0.000127 -0.000127 0.000000 0.000000 1.000000 0.004975 0.004975 0.004975 0.000000 0.000000 0.000000 0.000000 0.000000
64 0.000000 0.000000 0.000000 0.000000 0.000000 0.370288 0.305932 0.199810 0.533248 0.477537 0.199826 0.000000 0.000000 0.050125 -0.000127 -0.000127 0.000000 0.000000 1.000000 0.004975 0.004975 0.004975 0.000000 0.000000 0.000000 0.000000 0.000000
65 0.000000 0.000000 0.000000 0.000000 0.000000 0.371067 0.305961 0.199805 0.536578 0.479783 0.199821 0.000000 0.000000 0.050125 -0.000127 -0.000127 0.000000 0.000000 1.000000 0.004975 0.004975 0.004975 0.000000 0.000000 0.000000 0.000000 0.000000
66 0.000000 0.000000 0.000000 0.000000 0.000000 0.371851 0.305987 0.199800 0.539818 0.481934 0.199817 0.000000 0.000000 0.050125 -0.000127 -0.000127 0.000000 0.000000 1.000000 0.004975 0.004975 0.004975 0.000000 0.000000 0.000000 0.000000 0.000000
67 0.000000 0.000000 0.000000 0.000000 0.000000 0.372641 0.306010 0.199795 0.542971 0.483993 0.199812 0.000000 0.000000 0.050125 -0.000127 -0.000127 0.000000 0.000000 1.000000 0.004975 0.004975 0.004975 0.000000 0.000000 0.000000 0.000000 0.000000
68 0.000000 0.000000 0.000000 0.000000 0.000000 0.373436 0.306030 0.199789 0.546041 0.485965 0.199808 0.000000 0.000000 0.050125 -0.000127 -0.000127 0.000000 0.000000 1.000000 0.004975 0.004975 0.004975 0.000000 0.000000 0.000000 0.000000 0.000000
69 0.000000 0.000000 0.000000 0.000000 0.000000 0.374237 0.306047 0.199784 0.549030 0.487853 0.199803 0.000000 0.000000 0.050125 -0.000127 -0.000127 0.000000 0.000000 1.000000 0.004975 0.004975 0.004975 0.000000 0.000000 0.000000 0.000000 0.000000
70 0.000000 0.000000 0.000000 0.000000 0.000000 0.375044 0.306061 0.199779 0.551939 0.489659 0.199798 0.000000 0.000000 0.050125 -0.000127 -0.000127 0.000000 0.000000 1.000000 0.004975 0.004975 0.004975 0.000000 0.000000 0.000000 0.000000 0.000000
71 0.000000 0.000000 0.000000 0.000000 0.000000 0.375857 0.306072 0.199774 0.554774 0.491388 0.199794 0.000000 0.000000 0.050125 -0.000127 -0.000127 0.000000 0.000000 1.000000 0.004975 0.004975 0.004975 0.000000 0.000000 0.000000 0.000000 0.000000
72 0.000000 0.000000 0.000000 0.000000 0.000000 0.376675 0.306079 0.199768 0.557535 0.493041 0.199789 0.000000 0.000000 0.050125 -0.000127 -0.000127 0.000000 0.000000 1.000000 0.004975 0.004975 0.004975 0.000000 0.000000 0.000000 0.000000 0.000000
73 0.000000 0.000000 0.000000 0.000000 0.000000 0.377499 0.306084 0.199763 0.560225 0.494623 0.199784 0.000000 0.000000 0.050125 -0.000127 -0.000127 0.000000 0.000000 1.000000 0.004975 0.004975 0.004975 0.000000 0.000000 0.000000 0.000000 0.000000
74 0.000000 0.000000 0.000000 0.000000 0.000000 0.378329 0.306085 0.199758 0.562848 0.496135 0.199780 0.000000 0.000000 0.050125 -0.000127 -0.000127 0.000000 0.000000 1.000000 0.004975 0.004975 0.004975 0.000000 0.000000 0.000000 0.000000 0.000000
75 0.000000 0.000000 0.000000 0.000000 0.000000 0.379165 0.306083 0.199752 0.565406 0.497581 0.199775 0.000000 0.000000 0.050125 -0.000127 -0.000127 0.000000 0.000000 1.000000 0.004975 0.004975 0.004975 0.000000 0.000000 0.000000 0.000000 0.000000
76 0.000000 0.000000 0.000000 0.000000 0.000000 0.380007 0.306078 0.199747 0.567901 0.498963 0.199770 0.000000 0.000000 0.050125 -0.000127 -0.000127 0.000000 0.000000 1.000000 0.004975 0.004975 0.004975 0.000000 0.000000 0.000000 0.000000 0.000000
77 0.000000 0.000000 0.000000 0.000000 0.000000 0.380855 0.306070 0.199742 0.570336 0.500284 0.199765 0.000000 0.000000 0.050125 -0.000127 -0.000127 0.000000 0.000000 1.000000 0.004975 0.004975 0.004975 0.000000 0.000000 0.000000 0.000000 0.000000
78 0.000000 0.000000 0.000000 0.000000 0.000000 0.381709 0.306059 0.199736 0.572714 0.501546 0.199761 0.000000 0.000000 0.050125 -0.000127 -0.000127 0.000000 0.000000 1.000000 0.004975 0.004975 0.004975 0.000000 0.000000 0.000000 0.000000 0.000000
79 0.000000 0.000000 0.000000 0.000000 0.000000 0.382570 0.306044 0.199731 0.575036 0.502752 0.199756 0.000000 0.000000 0.050125 -0.000127 -0.000127 0.000000 0.000000 1.000000 0.004975 0.004975 0.004975 0.000000 0.000000 0.000000 0.000000 0.000000
80 0.000000 0.000000 0.000000 0.000000 0.000000 0.383437 0.306027 0.199725 0.577306 0.503903 0.199751 0.000000 0.000000 0.050125 -0.000127 -0.000127 0.000000 0.000000 1.000000 0.004975 0.004975 0.004975 0.000000 0.000000 0.000000 0.000000 0.000000
81 0.000000 0.000000 0.000000 0.000000 0.000000 0.384310 0.306006 0.199720 0.579525 0.505002 0.199746 0.000000 0.000000 0.050125 -0.000127 -0.000127 0.000000 0.000000 1.000000 0.004975 0.004975 0.004975 0.000000 0.000000 0.000000 0.000000 0.000000
82 0.000000 0.000000 0.000000 0.000000 0.000000 0.385189 0.305982 0.199714 0.581696 0.506052 0.199741 0.000000 0.000000 0.050125 -0.000127 -0.000127 0.000000 0.000000 1.000000 0.004975 0.004975 0.004975 0.000000 0.000000 0.000000 0.000000 0.000000
83 0.000000 0.000000 0.000000 0.000000 0.000000 0.386076 0.305955 0.199709 0.583821 0.507053 0.199737 0.000000 0.000000 0.050125 -0.000127 -0.000127 0.000000 0.000000 1.000000 0.004975 0.004975 0.004975 0.000000 0.000000 0.000000 0.000000 0.000000
84 0.000000 0.000000 0.000000 0.000000 0.000000 0.386968 0.305925 0.199703 0.585901 0.508008 0.199732 0.000000 0.000000 0.050125 -0.000127 -0.000127 0.000000 0.000000 1.000000 0.004975 0.004975 0.004975 0.000000 0.000000 0.000000 0.000000 0.000000
85 0.000000 0.000000 0.000000 0.000000 0.000000 0.387868 0.305892 0.199698 0.587940 0.508919 0.199727 0.000000 0.000000 0.050125 -0.000127 -0.000127 0.000000 0.000000 1.000000 0.004975 0.004975 0.004975 0.000000 0.000000 0.000000 0.000000 0.000000
86 0.000000 0.000000 0.000000 0.000000 0.000000 0.388774 0.305856 0.199692 0.589939 0.509788 0.199722 0.000000 0.000000 0.050125 -0.000127 -0.000127 0.000000 0.000000 1.000000 0.004975 0.004975 0.004975 0.000000 0.000000 0.000000 0.000000 0.000000
87 0.000000 0.000000 0.000000 0.000000 0.000000 0.389687 0.305817 0.199686 0.591900 0.510616 0.199717 0.000000 0.000000 0.050125 -0.000127 -0.000127 0.000000 0.000000 1.000000 0.004975 0.004975 0.004975 0.000000 0.000000 0.000000 0.000000 0.000000
88 0.000000 0.000000 0.000000 0.000000 0.000000 0.390607 0.305774 0.199681 0.593825 0.511404 0.199712 0.000000 0.000000 0.050125 -0.000127 -0.000127 0.000000 0.000000 1.000000 0.004975 0.004975 0.004975 0.000000 0.000000 0.000000 0.000000 0.000000
89 0.000000 0.000000 0.000000 0.000000 0.000000 0.391534 0.305729 0.199675 0.595716 0.512156 0.199708 0.000000 0.000000 0.050125 -0.000127 -0.000127 0.000000 0.000000 1.000000 0.004975 0.004975 0.004975 0.000000 0.000000 0.000000 0.000000 0.000000
90 0.000000 0.000000 0.000000 0.000000 0.000000 0.392468 0.305680 0.199669 0.597574 0.512871 0.199703 0.000000 0.000000 0.050125 -0.000127 -0.000127 0.000000 0.000000 1.000000 0.004975 0.004975 0.004975 0.000000 0.000000 0.000000 0.000000 0.000000
91 0.000000 0.000000 0.000000 0.000000 0.000000 0.393409 0.305629 0.199664 0.599402 0.513551 0.199698 0.000000 0.000000 0.050125 -0.000127 -0.000127 0.000000 0.000000 1.000000 0.004975 0.004975 0.004975 0.000000 0.000000 0.000000 0.000000 0.000000
92 0.000000 0.000000 0.000000 0.000000 0.000000 0.394357 0.305574 0.199658 0.601200 0.514198 0.199693 0.000000 0.000000 0.050125 -0.000127 -0.000127 0.000000 0.000000 1.000000 0.004975 0.004975 0.004975 0.000000 0.000000 0.000000 0.000000 0.000000
93 0.000000 0.000000 0.000000 0.000000 0.000000 0.395313 0.305517 0.199652 0.602971 0.514813 0.199688 0.000000 0.000000 0.050125 -0.000127 -0.000127 0.000000 0.000000 1.000000 0.004975 0.004975 0.004975 0.000000 0.000000 0.000000 0.000000 0.000000
94 0.000000 0.000000 0.000000 0.000000 0.000000 0.396276 0.305456 0.199647 0.604716 0.515398 0.199683 0.000000 0.000000 0.050125 -0.000127 -0.000127 0.000000 0.000000 1.000000 0.004975 0.004975 0.004975 0.000000 0.000000 0.000000 0.000000 0.000000
95 0.000000 0.000000 0.000000 0.000000 0.000000 0.397246 0.000000 0.199641 0.606436 0.515532 0.199678 0.000000 0.000000 0.050125 -0.000127 -0.000127 0.000000 0.000000 1.000000 0.004975 0.004975 0.004975 0.000000 0.000000 0.000000 0.000000 0.000000
96 0.000000 0.000000 0.000000 0.000000 0.000000 0.398224 0.000000 0.199635 0.608133 0.514430 0.199673 0.000000 0.000000 0.050125 -0.000127 -0.000127 0.000000 0.000000 1.000000 0.004975 0.004975 0.004975 0.000000 0.000000 0.000000 0.000000 0.000000
97 0.000000 0.000000 0.000000 0.000000 0.000000 0.399210 0.000000 0.199629 0.609808 0.511819 0.199669 0.000000 0.000000 0.050125 -0.000127 -0.000127 0.000000 0.000000 1.000000 0.004975 0.004975 0.004975 0.000000 0.000000 0.000000 0.000000 0.000000
98 0.000000 0.000000 0.000000 0.000000 0.000000 0.400203 0.000000 0.199623 0.611463 0.507884 0.199664 0.000000 0.000000 0.050125 -0.000127 -0.000127 0.000000 0.000000 1.000000 0.004975 0.004975 0.004975 0.000000 0.000000 0.000000 0.000000 0.000000
99 0.000000 0.000000 0.000000 0.000000 0.000000 0.401204 0.000000 0.199618 0.613098 0.502788 0.199659 0.000000 0.000000 0.050125 -0.000127 -0.000127 0.000000 0.000000 1.000000 0.004975 0.004975 0.004975 0.000000 0.000000 0.000000 0.000000 0.000000
100 0.000000 0.000000 0.000000 0.000000 0.000000 0.402213 0.000000 0.199612 0.614716 0.496678 0.199654 0.000000 0.000000 0.050125 -0.000127 -0.000127 0.000000 0.000000 1.000000 0.004975 0.004975 0.004975 0.000000 0.000000 0.000000 0.000000 0.000000
101 0.000000 0.000000 0.000000 0.000000 0.000000 0.403230 0.000000 0.199606 0.616316 0.489686 0.199650 0.000000 0.000000 0.050125 -0.000127 -0.000127 0.000000 0.000000 1.000000 0.004975 0.004975 0.004975 0.000000 0.000000 0.000000 0.000000 0.000000
102 0.000000 0.000000 0.000000 0.000000 0.000000 0.404255 0.000000 0.199600 0.617901 0.481928 0.199645 0.000000 0.000000 0.050125 -0.000127 -0.000127 0.000000 0.000000 1.000000 0.004975 0.004975 0.004975 0.000000 0.000000 0.000000 0.000000 0.000000
103 0.000000 0.000000 0.000000 0.000000 0.000000 0.405289 0.000000 0.199594 0.619472 0.473511 0.199640 0.000000 0.000000 0.050125 -0.000127 -0.000127 0.000000 0.000000 1.000000 0.004975 0.004975 0.004975 0.000000 0.000000 0.000000 0.000000 0.000000
104 0.000000 0.000000 0.000000 0.000000 0.000000 0.406330 0.000000 0.199588 0.621029 0.464532 0.199636 0.000000 0.000000 0.050125 -0.000127 -0.000127 0.000000 0.000000 1.000000 0.004975 0.004975 0.004975 0.000000 0.000000 0.000000 0.000000 0.000000
105 0.000000 0.000000 0.000000 0.000000 0.000000 0.407352 0.000000 0.199582 0.622573 0.455076 0.199632 0.000000 0.000000 0.050125 -0.000127 -0.000127 0.000000 0.000000 1.000000 0.004975 0.004975 0.004975 0.000000 0.000000 0.000000 0.000000 0.000000
106 0.000000 0.000000 0.000000 0.000000 0.000000 0.407352 0.000000 0.199576 0.624105 0.445223 0.199628 0.000000 0.000000 0.050125 -0.000127 -0.000127 0.000000 0.000000 1.000000 0.004975 0.004975 0.004975 0.000000 0.000000 0.000000 0.000000 0.000000
107 0.000000 0.000000 0.000000 0.000000 0.000000 0.407352 0.000000 0.199570 0.625620 0.435044 0.199623 0.000000 0.000000 0.050125 -0.000127 -0.000127 0.000000 0.000000 1.000000 0.004975 0.004975 0.004975 0.000000 0.000000 0.000000 0.000000 0.000000
108 0.000000 0.000000 0.000000 0.000000 0.000000 0.407352 0.000000 0.199564 0.627116 0.424604 0.199619 0.000000 0.000000 0.050125 -0.000127 -0.000127 0.000000 0.000000 1.000000 0.004975 0.004975 0.004975 0.000000 0.000000 0.000000 0.000000 0.000000
109 0.000000 0.000000 0.000000 0.000000 0.000000 0.407352 0.000000 0.199558 0.628588 0.413959 0.199615 0.000000 0.000000 0.050125 -0.000127 -0.000127 0.000000 0.000000 1.000000 0.004975 0.004975 0.004975 0.000000 0.000000 0.000000 0.000000 0.000000
110 0.000000 0.000000 0.000000 0.000000 0.000000 0.407352 0.000000 0.199553 0.630035 0.403165 0.199612 0.000000 0.000000 0.050125 -0.000127 -0.000127 0.000000 0.000000 1.000000 0.004975 0.004975 0.004975 0.000000 0.000000 0.000000 0.000000 0.000000
111 0.000000 0.000000 0.000000 0.000000 0.000000 0.407352 0.000000 0.199547 0.631453 0.392268 0.199608 0.000000 0.000000 0.050125 -0.000127 -0.000127 0.000000 0.000000 1.000000 0.004975 0.004975 0.004975 0.000000 0.000000 0.000000 0.000000 0.000000
112 0.000000 0.000000 0.000000 0.000000 0.000000 0.407352 0.000000 0.199541 0.632841 0.381311 0.199604 0.000000 0.000000 0.050125 -0.000127 -0.000127 0.000000 0.000000 1.000000 0.004975 0.004975 0.004975 0.000000 0.000000 0.000000 0.000000 0.000000
113 0.000000 0.000000 0.000000 0.000000 0.000000 0.407352 0.000000 0.199535 0.634197 0.370335 0.199601 0.000000 0.000000 0.050125 -0.000127 -0.000127 0.000000 0.000000 1.000000 0.004975 0.004975 0.004975 0.000000 0.000000 0.000000 0.000000 0.000000
114 0.000000 0.000000 0.000000 0.000000 0.000000 0.407352 0.000000 0.199528 0.635520 0.359373 0.199597 0.000000 0.000000 0.050125 -0.000127 -0.000127 0.000000 0.000000 1.000000 0.004975 0.004975 0.004975 0.000000 0.000000 0.000000 0.000000 0.000000
115 0.000000 0.000000 0.000000 0.000000 0.000000 0.407352 0.000000 0.199522 0.636810 0.348458 0.199594 0.000000 0.000000 0.050125 -0.000127 -0.000127 0.000000 0.000000 1.000000 0.004975 0.004975 0.004975 0.000000 0.000000 0.000000 0.000000 0.000000
116 0.000000 0.000000 0.000000 0.000000 0.000000 0.407352 0.000000 0.199516 0.638064 0.337617 0.199591 0.000000 0.000000 0.050125 -0.000127 -0.000127 0.000000 0.000000 1.000000 0.004975 0.004975 0.004975 0.000000 0.000000 0.000000 0.000000 0.000000
117 0.000000 0.000000 0.000000 0.000000 0.000000 0.407352 0.000000 0.199510 0.639283 0.326876 0.199588 0.000000 0.000000 0.050125 -0.000127 -0.000127 0.000000 0.000000 1.000000 0.004975 0.004975 0.004975 0.000000 0.000000 0.000000 0.000000 0.000000
118 0.000000 0.000000 0.000000 0.000000 0.000000 0.407352 0.000000 0.199504 0.640466 0.316257 0.199585 0.000000 0.000000 0.050125 -0.000127 -0.000127 0.000000 0.000000 1.000000 0.004975 0.004975 0.004975 0.000000 0.000000 0.000000 0.000000 0.000000
119 0.000000 0.000000 0.000000 0.000000 0.000000 0.407352 0.000000 0.199498 0.641614 0.305780 0.199582 0.000000 0.000000 0.050125 -0.000127 -0.000127 0.000000 0.000000 1.000000 0.004975 0.004975 0.004975 0.000000 0.000000 0.000000 0.000000 0.000000
120 0.000000 0.000000 0.000000 0.000000 0.000000 0.407352 0.000000 0.199492 0.642726 0.295463 0.199579 0.000000 0.000000 0.050125 -0.000127 -0.000127 0.000000 0.000000 1.000000 0.004975 0.004975 0.004975 0.000000 0.000000 0.000000 0.000000 0.000000
121 0.000000 0.000000 0.000000 0.000000 0.000000 0.407352 0.000000 0.199486 0.643802 0.285319 0.199576 0.000000 0.000000 0.050125 -0.000127 -0.000127 0.000000 0.000000 1.000000 0.004975 0.004975 0.004975 0.000000 0.000000 0.000000 0.000000 0.000000
122 0.000000 0.000000 0.000000 0.000000 0.000000 0.407352 0.000000 0.199480 0.644843 0.275364 0.199574 0.000000 0.000000 0.050125 -0.000127 -0.000127 0.000000 0.000000 1.000000 0.004975 0.004975 0.004975 0.000000 0.000000 0.000000 0.000000 0.000000
123 0.000000 0.000000 0.000000 0.000000 0.000000 0.407352 0.000000 0.199474 0.645849 0.265606 0.199571 0.000000 0.000000 0.050125 -0.000127 -0.000127 0.000000 0.000000 1.000000 0.004975 0.004975 0.004975 0.000000 0.000000 0.000000 0.000000 0.000000
124 0.000000 0.000000 0.000000 0.000000 0.000000 0.407352 0.000000 0.199468 0.646820 0.256057 0.199569 0.000000 0.000000 0.050125 -0.000127 -0.000127 0.000000 0.000000 1.000000 0.004975 0.004975 0.004975 0.000000 0.000000 0.000000 0.000000 0.000000
125 0.000000 0.000000 0.000000 0.000000 0.000000 0.407352 0.000000 0.199461 0.647758 0.246724 0.199566 0.000000 0.000000 0.050125 -0.000127 -0.000127 0.000000 0.000000 1.000000 0.004975 0.004975 0.004975 0.000000 0.000000 0.000000 0.000000 0.000000
126 0.000000 0.000000 0.000000 0.000000 0.000000 0.407352 0.000000 0.199455 0.648662 0.237613 0.199564 0.000000 0.000000 0.050125 -0.000127 -0.000127 0.000000 0.000000 1.000000 0.004975 0.004975 0.004975 0.000000 0.000000 0.000000 0.000000 0.000000
127 0.000000 0.000000 0.000000 0.000000 0.000000 0.407352 0.000000 0.199449 0.649534 0.228729 0.199562 0.000000 0.000000 0.050125 -0.000127 -0.000127 0.000000 0.000000 1.000000 0.004975 0.004975 0.004975 0.000000 0.000000 0.000000 0.000000 0.000000
128 0.000000 0.000000 0.000000 0.000000 0.000000 0.407352 0.000000 0.199443 0.650373 0.220077 0.199560 0.000000 0.000000 0.050125 -0.000127 -0.000127 0.000000 0.000000 1.000000 0.004975 0.004975 0.004975 0.000000 0.000000 0.000000 0.000000 0.000000
129 0.000000 0.000000 0.000000 0.000000 0.000000 0.408410 0.000000 0.199437 0.651183 0.211659 0.199558 0.000000 0.000000 0.050125 -0.000127 -0.000127 0.000000 0.000000 1.000000 0.004975 0.004975 0.004975 0.000000 0.000000 0.000000 0.000000 0.000000
130 0.000000 0.000000 0.000000 0.000000 0.000000 0.409476 0.000000 0.199431 0.651967 0.203476 0.199556 0.000000 0.000000 0.050125 -0.000127 -0.000127 0.000000 0.000000 1.000000 0.004975 0.004975 0.004975 0.000000 0.000000 0.000000 0.000000 0.000000
131 0.000000 0.000000 0.000000 0.000000 0.000000 0.410551 0.000000 0.199424 0.652731 0.195530 0.199554 0.000000 0.000000 0.050125 -0.000127 -0.000127 0.000000 0.000000 1.000000 0.004975 0.004975 0.004975 0.000000 0.000000 0.000000 0.000000 0.000000
132 0.000000 0.000000 0.000000 0.000000 0.000000 0.411634 0.000000 0.199418 0.653480 0.187821 0.199552 0.000000 0.000000 0.050125 -0.000127 -0.000127 0.000000 0.000000 1.000000 0.004975 0.004975 0.004975 0.000000 0.000000 0.000000 0.000000 0.000000
133 0.000000 0.000000 0.000000 0.000000 0.000000 0.412727 0.000000 0.199412 0.654219 0.180347 0.199551 0.000000 0.000000 0.050125 -0.000127 -0.000127 0.000000 0.000000 1.000000 0.004975 0.004975 0.004975 0.000000 0.000000 0.000000 0.000000 0.000000
134 0.000000 0.000000 0.000000 0.000000 0.000000 0.413828 0.000000 0.199406 0.654951 0.173108 0.199549 0.000000 0.000000 0.050125 -0.000127 -0.000127 0.000000 0.000000 1.000000 0.004975 0.004975 0.004975 0.000000 0.000000 0.000000 0.000000 0.000000
135 0.000000 0.000000 0.000000 0.000000 0.000000 0.414939 0.000000 0.199399 0.655680 0.166101 0.199547 0.000000 0.000000 0.050125 -0.000127 -0.000127 0.000000 0.000000 1.000000 0.004975 0.004975 0.004975 0.000000 0.000000 0.000000 0.000000 0.000000
136 0.000000 0.000000 0.000000 0.000000 0.000000 0.416059 0.000000 0.199393 0.656409 0.159324 0.199546 0.000000 0.000000 0.050125 -0.000127 -0.000127 0.000000 0.000000 1.000000 0.004975 0.004975 0.004975 0.000000 0.000000 0.000000 0.000000 0.000000
137 0.000000 0.000000 0.000000 0.000000 0.000000 0.417188 0.000000 0.199387 0.657141 0.152773 0.199544 0.000000 0.000000 0.050125 -0.000127 -0.000127 0.000000 0.000000 1.000000 0.004975 0.004975 0.004975 0.000000 0.000000 0.000000 0.000000 0.000000
138 0.000000 0.000000 0.000000 0.000000 0.000000 0.418327 0.000000 0.199381 0.657878 0.146447 0.199543 0.000000 0.000000 0.050125 -0.000127 -0.000127 0.000000 0.000000 1.000000 0.004975 0.004975 0.004975 0.000000 0.000000 0.000000 0.000000 0.000000
139 0.000000 0.000000 0.000000 0.000000 0.000000 0.419475 0.000000 0.199374 0.658623 0.140339 0.199542 0.000000 0.000000 0.050125 -0.000127 -0.000127 0.000000 0.000000 1.000000 0.004975 0.004975 0.004975 0.000000 0.000000 0.000000 0.000000 0.000000
140 0.000000 0.000000 0.000000 0.000000 0.000000 0.420634 0.000000 0.199368 0.659378 0.134448 0.199540 0.000000 0.000000 0.050125 -0.000127 -0.000127 0.000000 0.000000 1.000000 0.004975 0.004975 0.004975 0.000000 0.000000 0.000000 0.000000 0.000000
141 0.000000 0.000000 0.000000 0.000000 0.000000 0.421802 0.000000 0.199362 0.660144 0.128767 0.199539 0.000000 0.000000 0.050125 -0.000127 -0.000127 0.000000 0.000000 1.000000 0.004975 0.004975 0.004975 0.000000 0.000000 0.000000 0.000000 0.000000
142 0.000000 0.000000 0.000000 0.000000 0.000000 0.422980 0.000000 0.199356 0.660922 0.123293 0.199538 0.000000 0.000000 0.050125 -0.000127 -0.000127 0.000000 0.000000 1.000000 0.004975 0.004975 0.004975 0.000000 0.000000 0.000000 0.000000 0.000000
143 0.000000 0.000000 0.000000 0.000000 0.000000 0.424168 0.000000 0.199349 0.661715 0.118022 0.199537 0.000000 0.000000 0.050125 -0.000127 -0.000127 0.000000 0.000000 1.000000 0.004975 0.004975 0.004975 0.000000 0.000000 0.000000 0.000000 0.000000
144 0.000000 0.000000 0.000000 0.000000 0.000000 0.425366 0.000000 0.199343 0.662523 0.112947 0.199536 0.000000 0.000000 0.050125 -0.000127 -0.000127 0.000000 0.000000 1.000000 0.004975 0.004975 0.004975 0.000000 0.000000 0.000000 0.000000 0.000000
145 0.000000 0.000000 0.000000 0.000000 0.000000 0.426575 0.000000 0.199337 0.663348 0.108064 0.199535 0.000000 0.000000 0.050125 -0.000127 -0.000127 0.000000 0.000000 1.000000 0.004975 0.004975 0.004975 0.000000 0.000000 0.000000 0.000000 0.000000
146 0.000000 0.000000 0.000000 0.000000 0.000000 0.427794 0.000000 0.199331 0.664190 0.103368 0.199534 0.000000 0.000000 0.050125 -0.000127 -0.000127 0.000000 0.000000 1.000000 0.004975 0.004975 0.004975 0.000000 0.000000 0.000000 0.000000 0.000000
147 0.000000 0.000000 0.000000 0.000000 0.000000 0.429023 0.000000 0.199324 0.665050 0.098853 0.199533 0.000000 0.000000 0.050125 -0.000127 -0.000127 0.000000 0.000000 1.000000 0.004975 0.004975 0.004975 0.000000 0.000000 0.000000 0.000000 0.000000
148 0.000000 0.000000 0.000000 0.000000 0.000000 0.430264 0.000000 0.199318 0.665928 0.094516 0.199532 0.000000 0.000000 0.050125 -0.000127 -0.000127 0.000000 0.000000 1.000000 0.004975 0.004975 0.004975 0.000000 0.000000 0.000000 0.000000 0.000000
149 0.000000 0.000000 0.000000 0.000000 0.000000 0.431515 0.000000 0.199312 0.666826 0.090349 0.199531 0.000000 0.000000 0.050125 -0.000127 -0.000127 0.000000 0.000000 1.000000 0.004975 0.004975 0.004975 0.000000 0.000000 0.000000 0.000000 0.000000
150 0.000000 0.000000 0.000000 0.000000 0.000000 0.432778 0.000000 0.199305 0.667743 0.086349 0.199530 0.000000 0.000000 0.050125 -0.000127 -0.000127 0.000000 0.000000 1.000000 0.004975 0.004975 0.004975 0.000000 0.000000 0.000000 0.000000 0.000000
151 0.000000 0.000000 0.000000 0.000000 0.000000 0.434052 0.000000 0.199299 0.668681 0.082510 0.199530 0.000000 0.000000 0.050125 -0.000127 -0.000127 0.000000 0.000000 1.000000 0.004975 0.004975 0.004975 0.000000 0.000000 0.000000 0.000000 0.000000
152 0.000000 0.000000 0.000000 0.000000 0.000000 0.435337 0.000000 0.199292 0.669638 0.078827 0.199529 0.000000 0.000000 0.050125 -0.000127 -0.000127 0.000000 0.000000 1.000000 0.004975 0.004975 0.004975 0.000000 0.000000 0.000000 0.000000 0.000000
153 0.000000 0.000000 0.000000 0.000000 0.000000 0.436633 0.000000 0.199286 0.670616 0.075294 0.199528 0.000000 0.000000 0.050125 -0.000127 -0.000127 0.000000 0.000000 1.000000 0.004975 0.004975 0.004975 0.000000 0.000000 0.000000 0.000000 0.000000
154 0.000000 0.000000 0.000000 0.000000 0.000000 0.437941 0.000000 0.199280 0.671615 0.071907 0.199527 0.000000 0.000000 0.050125 -0.000127 -0.000127 0.000000 0.000000 1.000000 0.004975 0.004975 0.004975 0.000000 0.000000 0.000000 0.000000 0.000000
155 0.000000 0.000000 0.000000 0.000000 0.000000 0.439261 0.000000 0.199273 0.672634 0.068661 0.199527 0.000000 0.000000 0.050125 -0.000127 -0.000127 0.000000 0.000000 1.000000 0.004975 0.004975 0.004975 0.000000 0.000000 0.000000 0.000000 0.000000
156 0.000000 0.000000 0.000000 0.000000 0.000000 0.440593 0.000000 0.199267 0.673674 0.065550 0.199526 0.000000 0.000000 0.050125 -0.000127 -0.000127 0.000000 0.000000 1.000000 0.004975 0.004975 0.004975 0.000000 0.000000 0.000000 0.000000 0.000000
157 0.000000 0.000000 0.000000 0.000000 0.000000 0.441937 0.000000 0.199261 0.674735 0.062571 0.199525 0.000000 0.000000 0.050125 -0.000127 -0.000127 0.000000 0.000000 1.000000 0.004975 0.004975 0.004975 0.000000 0.000000 0.000000 0.000000 0.000000
158 0.000000 0.000000 0.000000 0.000000 0.000000 0.443293 0.000000 0.199254 0.675818 0.059718 0.199525 0.000000 0.000000 0.050125 -0.000127 -0.000127 0.000000 0.000000 1.000000 0.004975 0.004975 0.004975 0.000000 0.000000 0.000000 0.000000 0.000000
159 0.000000 0.000000 0.000000 0.000000 0.000000 0.444661 0.000000 0.199248 0.676921 0.056986 0.199524 0.000000 0.000000 0.050125 -0.000127 -0.000127 0.000000 0.000000 1.000000 0.004975 0.004975 0.004975 0.000000 0.000000 0.000000 0.000000 0.000000
160 0.000000 0.000000 0.000000 0.000000 0.000000 0.446043 0.000000 0.199241 0.678044 0.054372 0.199524 0.000000 0.000000 0.050125 -0.000127 -0.000127 0.000000 0.000000 1.000000 0.004975 0.004975 0.004975 0.000000 0.000000 0.000000 0.000000 0.000000
161 0.000000 0.000000 0.000000 0.000000 0.000000 0.447437 0.000000 0.199235 0.679189 0.051870 0.199523 0.000000 0.000000 0.050125 -0.000127 -0.000127 0.000000 0.000000 1.000000 0.004975 0.004975 0.004975 0.000000 0.000000 0.000000 0.000000 0.000000
162 0.000000 1.000000 0.000000 0.000000 0.000000 0.448844 0.000000 0.199228 0.680354 0.049477 0.199523 0.000000 0.000000 0.050125 -0.000127 -0.000127 0.000000 0.000000 1.000000 0.004975 0.004975 0.004975 0.000000 0.000000 0.000000 0.000000 0.000000
163 0.000000 1.000000 0.000000 0.000000 0.000000 0.450263 0.000000 0.199222 0.681540 0.047189 0.199522 0.000000 0.000000 0.050125 -0.000127 -0.000127 0.000000 0.000000 1.000000 0.004975 0.004975 0.004975 0.000000 0.000000 0.000000 0.000000 0.000000
164 0.000000 1.000000 0.000000 0.000000 0.000000 0.451697 0.000000 0.199215 0.682746 0.045000 0.199522 0.000000 0.000000 0.050125 -0.000127 -0.000127 0.000000 0.000000 1.000000 0.004975 0.004975 0.004975 0.000000 0.000000 0.000000 0.000000 0.000000
165 0.000000 1.000000 0.000000 0.000000 0.000000 0.453143 0.000000 0.199209 0.683973 0.042908 0.199522 0.000000 0.000000 0.050125 -0.000127 -0.000127 0.000000 0.000000 1.000000 0.004975 0.004975 0.004975 0.000000 0.000000 0.000000 0.000000 0.000000
166 0.000000 1.000000 0.000000 0.000000 0.000000 0.454604 0.000000 0.199202 0.685220 0.040909 0.199521 0.000000 0.000000 0.050125 -0.000127 -0.000127 0.000000 0.000000 1.000000 0.004975 0.004975 0.004975 0.000000 0.000000 0.000000 0.000000 0.000000
167 0.000000 1.000000 0.000000 0.000000 0.000000 0.456078 0.000000 0.199196 0.686486 0.038998 0.199521 0.000000 0.000000 0.050125 -0.000127 -0.000127 0.000000 0.000000 1.000000 0.004975 0.004975 0.004975 0.000000 0.000000 0.000000 0.000000 0.000000
168 0.000000 1.000000 0.000000 0.000000 0.000000 0.457566 0.000000 0.199189 0.687773 0.037173 0.199520 0.000000 0.000000 0.050125 -0.000127 -0.000127 0.000000 0.000000 1.000000 0.004975 0.004975 0.004975 0.000000 0.000000 0.000000 0.000000 0.000000
169 0.000000 1.000000 0.000000 0.000000 0.000000 0.459069 0.000000 0.199183 0.689080 0.035429 0.199520 0.000000 0.000000 0.050125 -0.000127 -0.000127 0.000000 0.000000 1.000000 0.004975 0.004975 0.004975 0.000000 0.000000 0.000000 0.000000 0.000000
170 0.000000 1.000000 0.000000 0.000000 0.000000 0.460586 0.000000 0.199176 0.690407 0.033764 0.199520 0.000000 0.000000 0.050125 -0.000127 -0.000127 0.000000 0.000000 1.000000 0.004975 0.004975 0.004975 0.000000 0.000000 0.000000 0.000000 0.000000
171 0.000000 1.000000 0.000000 0.000000 0.000000 0.462118 0.000000 0.199170 0.691752 0.032173 0.199520 0.000000 0.000000 0.050125 -0.000127 -0.000127 0.000000 0.000000 1.000000 0.004975 0.004975 0.004975 0.000000 0.000000 0.000000 0.000000 0.000000
172 0.000000 1.000000 0.000000 0.000000 0.000000 0.463664 0.000000 0.199163 0.693118 0.030655 0.199519 0.000000 0.000000 0.050125 -0.000127 -0.000127 0.000000 0.000000 1.000000 0.004975 0.004975 0.004975 0.000000 0.000000 0.000000 0.000000 0.000000
173 0.000000 1.000000 0.000000 0.000000 0.000000 0.465225 0.000000 0.199157 0.694502 0.029206 0.199519 0.000000 0.000000 0.050125 -0.000127 -0.000127 0.000000 0.000000 1.000000 0.004975 0.004975 0.004975 0.000000 0.000000 0.000000 0.000000 0.000000
174 0.000000 1.000000 0.000000 0.000000 0.000000 0.466802 0.000000 0.199150 0.695906 0.027823 0.199519 0.000000 0.000000 0.050125 -0.000127 -0.000127 0.000000 0.000000 1.000000 0.004975 0.004975 0.004975 0.000000 0.000000 0.000000 0.000000 0.000000
175 0.000000 1.000000 0.000000 0.000000 0.000000 0.468394 0.000000 0.199143 0.697329 0.026503 0.199518 0.000000 0.000000 0.050125 -0.000127 -0.000127 0.000000 0.000000 1.000000 0.004975 0.004975 0.004975 0.000000 0.000000 0.000000 0.000000 0.000000
176 0.000000 1.000000 0.000000 0.000000 0.000000 0.470002 0.000000 0.199137 0.698770 0.025243 0.199518 0.000000 0.000000 0.050125 -0.000127 -0.000127 0.000000 0.000000 1.000000 0.004975 0.004975 0.004975 0.000000 0.000000 0.000000 0.000000 0.000000
177 0.000000 1.000000 0.000000 0.000000 0.000000 0.471626 0.000000 0.199130 0.700231 0.024042 0.199518 0.000000 0.000000 0.050125 -0.000127 -0.000127 0.000000 0.000000 1.000000 0.004975 0.004975 0.004975 0.000000 0.000000 0.000000 0.000000 0.000000
178 0.000000 1.000000 0.000000 0.000000 0.000000 0.473266 0.000000 0.199123 0.701710 0.022896 0.199518 0.000000 0.000000 0.050125 -0.000127 -0.000127 0.000000 0.000000 1.000000 0.004975 0.004975 0.004975 0.000000 0.000000 0.000000 0.000000 0.000000
179 0.000000 1.000000 0.000000 0.000000 0.000000 0.474922 0.000000 0.199117 0.703207 0.021803 0.199518 0.000000 0.000000 0.050125 -0.000127 -0.000127 0.000000 0.000000 1.000000 0.004975 0.004975 0.004975 0.000000 0.000000 0.000000 0.000000 0.000000
180 0.000000 1.000000 0.000000 0.000000 0.000000 0.476594 0.000000 0.199110 0.704724 0.020760 0.199517 0.000000 0.000000 0.050125 -0.000127 -0.000127 0.000000 0.000000 1.000000 0.004975 0.004975 0.004975 0.000000 0.000000 0.000000 0.000000 0.000000
181 0.000000 1.000000 0.000000 0.000000 0.000000 0.478284 0.000000 0.199103 0.706258 0.019766 0.199517 0.000000 0.000000 0.050125 -0.000127 -0.000127 0.000000 0.000000 1.000000 0.004975 0.004975 0.004975 0.000000 0.000000 0.000000 0.000000 0.000000
182 0.000000 1.000000 0.000000 0.000000 0.000000 0.479990 0.000000 0.199097 0.707811 0.018819 0.199517 0.000000 0.000000 0.050125 -0.000127 -0.000127 0.000000 0.000000 1.000000 0.004975 0.004975 0.004975 0.000000 0.000000 0.000000 0.000000 0.000000
183 0.000000 1.000000 0.000000 0.000000 0.000000 0.481714 0.000000 0.199090 0.709382 0.017915 0.199517 0.000000 0.000000 0.050125 -0.000127 -0.000127 0.000000 0.000000 1.000000 0.004975 0.004975 0.004975 0.000000 0.000000 0.000000 0.000000 0.000000
184 0.000000 1.000000 0.000000 0.000000 0.000000 0.483456 0.000000 0.199083 0.710972 0.017054 0.199517 0.000000 0.000000 0.050125 -0.000127 -0.000127 0.000000 0.000000 1.000000 0.004975 0.004975 0.004975 0.000000 0.000000 0.000000 0.000000 0.000000
185 0.000000 1.000000 0.000000 0.000000 0.000000 0.483456 0.000000 0.199076 0.712577 0.016233 0.199516 0.000000 0.000000 0.050125 -0.000127 -0.000127 0.000000 0.000000 1.000000 0.004975 0.004975 0.004975 0.000000 0.000000 0.000000 0.000000 0.000000
186 0.000000 1.000000 0.000000 0.000000 0.000000 0.483456 0.000000 0.199070 0.714192 0.015451 0.199516 0.000000 0.000000 0.050125 -0.000127 -0.000127 0.000000 0.000000 1.000000 0.004975 0.004975 0.004975 0.000000 0.000000 0.000000 0.000000 0.000000
187 0.000000 1.000000 0.000000 0.000000 0.000000 0.483456 0.000000 0.199063 0.715810 0.014706 0.199516 0.000000 0.000000 0.050125 -0.000127 -0.000127 0.000000 0.000000 1.000000 0.004975 0.004975 0.004975 0.000000 0.000000 0.000000 0.000000 0.000000
188 0.000000 1.000000 0.000000 0.000000 0.000000 0.483456 0.000000 0.199056 0.717424 0.013996 0.199516 0.000000 0.000000 0.050125 -0.000127 -0.000127 0.000000 0.000000 1.000000 0.004975 0.004975 0.004975 0.000000 0.000000 0.000000 0.000000 0.000000
189 0.000000 1.000000 0.000000 0.000000 0.000000 0.483456 0.000000 0.199049 0.719028 0.013319 0.199516 0.000000 0.000000 0.050125 -0.000127 -0.000127 0.000000 0.000000 1.000000 0.004975 0.004975 0.004975 0.000000 0.000000 0.000000 0.000000 0.000000
190 0.000000 1.000000 0.000000 0.000000 0.000000 0.483456 0.000000 0.199042 0.720617 0.012675 0.199516 0.000000 0.000000 0.050125 -0.000127 -0.000127 0.000000 0.000000 1.000000 0.004975 0.004975 0.004975 0.000000 0.000000 0.000000 0.000000 0.000000
191 0.000000 1.000000 0.000000 0.000000 0.000000 0.483456 0.000000 0.199035 0.722188 0.012061 0.199516 0.000000 0.000000 0.050125 -0.000127 -0.000127 0.000000 0.000000 1.000000 0.004975 0.004975 0.004975 0.000000 0.000000 0.000000 0.000000 0.000000
192 0.000000 1.000000 0.000000 0.000000 0.000000 0.483456 0.000000 0.199029 0.723735 0.011476 0.199516 0.000000 0.000000 0.050125 -0.000127 -0.000127 0.000000 0.000000 1.000000 0.004975 0.004975 0.004975 0.000000 0.000000 0.000000 0.000000 0.000000
193 0.000000 1.000000 0.000000 0.000000 0.000000 0.483456 0.000000 0.199022 0.725257 0.010919 0.199516 0.000000 0.000000 0.050125 -0.000127 -0.000127 0.000000 0.000000 1.000000 0.004975 0.004975 0.004975 0.000000 0.000000 0.000000 0.000000 0.000000
194 0.000000 1.000000 0.000000 0.000000 0.000000 0.483456 0.000000 0.199015 0.726750 0.010388 0.199515 0.000000 0.000000 0.050125 -0.000127 -0.000127 0.000000 0.000000 1.000000 0.004975 0.004975 0.004975 0.000000 0.000000 0.000000 0.000000 0.000000
195 0.000000 1.000000 0.000000 0.000000 0.000000 0.483456 0.000000 0.199008 0.728212 0.009883 0.199515 0.000000 0.000000 0.050125 -0.000127 -0.000127 0.000000 0.000000 1.000000 0.004975 0.004975 0.004975 0.000000 0.000000 0.000000 0.000000 0.000000
196 0.000000 1.000000 0.000000 0.000000 0.000000 0.483456 0.000000 0.199001 0.729642 0.009402 0.199515 0.000000 0.000000 0.050125 -0.000127 -0.000127 0.000000 0.000000 1.000000 0.004975 0.004975 0.004975 0.000000 0.000000 0.000000 0.000000 0.000000
197 0.000000 1.000000 0.000000 0.000000 0.000000 0.483456 0.000000 0.198994 0.731037 0.008945 0.199515 0.000000 0.000000 0.050125 -0.000127 -0.000127 0.000000 0.000000 1.000000 0.004975 0.004975 0.004975 0.000000 0.000000 0.000000 0.000000 0.000000
198 0.000000 1.000000 0.000000 0.000000 0.000000 0.483456 0.000000 0.198987 0.732398 0.008509 0.199515 0.000000 0.000000 0.050125 -0.000127 -0.000127 0.000000 0.000000 1.000000 0.004975 0.004975 0.004975 0.000000 0.000000 0.000000 0.000000 0.000000
199 0.000000 1.000000 0.000000 0.000000 0.000000 0.483456 0.000000 0.198980 0.733722 0.008094 0.199515 0.000000 0.000000 0.050125 -0.000127 -0.000127 0.000000 0.000000 1.000000 0.004975 0.004975 0.004975 0.000000 0.000000 0.000000 0.000000 0.000000
200 0.000000 1.000000 0.000000 0.000000 0.000000 0.483456 0.000000 0.198973 0.735010 0.007698 0.199515 0.000000 0.000000 0.050125 -0.000127 -0.000127 0.000000 0.000000 1.000000 0.004975 0.004975 0.004975 0.000000 0.000000 0.000000 0.000000 0.000000
201 0.000000 1.000000 0.000000 0.000000 0.000000 0.483501 0.000000 0.198966 0.736260 0.007322 0.199515 0.000000 0.000000 0.050125 -0.000127 -0.000127 0.000000 0.000000 1.000000 0.004975 0.004975 0.004975 0.000000 0.000000 0.000000 0.000000 0.000000
202 0.000000 1.000000 0.000000 0.000000 0.000000 0.483501 0.000000 0.198959 0.737474 0.006964 0.199515 0.000000 0.000000 0.050125 -0.000127 -0.000127 0.000000 0.000000 1.000000 0.004975 0.004975 0.004975 0.000000 0.000000 0.000000 0.000000 0.000000
203 0.000000 1.000000 0.000000 0.000000 0.000000 0.483501 0.000000 0.198952 0.738650 0.006624 0.199515 0.000000 0.000000 0.050125 -0.000127 -0.000127 0.000000 0.000000 1.000000 0.004975 0.004975 0.004975 0.000000 0.000000 0.000000 0.000000 0.000000
204 0.000000 1.000000 0.000000 0.000000 0.000000 0.483501 0.000000 0.198945 0.739789 0.006299 0.199515 0.000000 0.000000 0.050125 -0.000127 -0.000127 0.000000 0.000000 1.000000 0.004975 0.004975 0.004975 0.000000 0.000000 0.000000 0.000000 0.000000
205 0.000000 1.000000 0.000000 0.000000 0.000000 0.483501 0.000000 0.198938 0.740891 0.005991 0.199515 0.000000 0.000000 0.050125 -0.000127 -0.000127 0.000000 0.000000 1.000000 0.004975 0.004975 0.004975 0.000000 0.000000 0.000000 0.000000 0.000000
206 0.000000 1.000000 0.000000 0.000000 0.000000 0.483501 0.000000 0.198931 0.741956 0.005697 0.199515 0.000000 0.000000 0.050125 -0.000127 -0.000127 0.000000 0.000000 1.000000 0.004975 0.004975 0.004975 0.000000 0.000000 0.000000 0.000000 0.000000
207 0.000000 1.000000 0.000000 0.000000 0.000000 0.483501 0.000000 0.198924 0.742986 0.005418 0.199514 0.000000 0.000000 0.050125 -0.000127 -0.000127 0.000000 0.000000 1.000000 0.004975 0.004975 0.004975 0.000000 0.000000 0.000000 0.000000 0.000000
208 0.000000 1.000000 0.000000 0.000000 0.000000 0.483501 0.000000 0.198917 0.743980 0.005152 0.199514 0.000000 0.000000 0.050125 -0.000127 -0.000127 0.000000 0.000000 1.000000 0.004975 0.004975 0.004975 0.000000 0.000000 0.000000 0.000000 0.000000
209 0.000000 1.000000 0.000000 0.000000 0.000000 0.483501 0.000000 0.198910 0.744938 0.004899 0.199514 0.000000 0.000000 0.050125 -0.000127 -0.000127 0.000000 0.000000 1.000000 0.004975 0.004975 0.004975 0.000000 0.000000 0.000000 0.000000 0.000000
210 0.000000 1.000000 0.000000 0.000000 0.000000 0.483501 0.000000 0.198903 0.745862 0.004658 0.199514 0.000000 0.000000 0.050125 -0.000127 -0.000127 0.000000 0.000000 1.000000 0.004975 0.004975 0.004975 0.000000 0.000000 0.000000 0.000000 0.000000
211 0.000000 1.000000 0.000000 0.000000 0.000000 0.483501 0.000000 0.198896 0.746753 0.004429 0.199514 0.000000 0.000000 0.050125 -0.000127 -0.000127 0.000000 0.000000 1.000000 0.004975 0.004975 0.004975 0.000000 0.000000 0.000000 0.000000 0.000000
212 0.000000 1.000000 0.000000 0.000000 0.000000 0.483501 0.000000 0.198889 0.747611 0.004212 0.199514 0.000000 0.000000 0.050125 -0.000127 -0.000127 0.000000 0.000000 1.000000 0.004975 0.004975 0.004975 0.000000 0.000000 0.000000 0.000000 0.000000
213 0.000000 1.000000 0.000000 0.000000 0.000000 0.483501 0.000000 0.198881 0.748436 0.004004 0.199514 0.000000 0.000000 0.050125 -0.000127 -0.000127 0.000000 0.000000 1.000000 0.004975 0.004975 0.004975 0.000000 0.000000 0.000000 0.000000 0.000000
214 0.000000 1.000000 0.000000 0.000000 0.000000 0.483501 0.000000 0.198874 0.749231 0.003807 0.199514 0.000000 0.000000 0.050125 -0.000127 -0.000127 0.000000 0.000000 1.000000 0.004975 0.004975 0.004975 0.000000 0.000000 0.000000 0.000000 0.000000
215 0.000000 1.000000 0.000000 0.000000 0.000000 0.483501 0.000000 0.198867 0.749994 0.003620 0.199514 0.000000 0.000000 0.050125 -0.000127 -0.000127 0.000000 0.000000 1.000000 0.004975 0.004975 0.004975 0.000000 0.000000 0.000000 0.000000 0.000000
216 0.000000 1.000000 0.000000 0.000000 0.000000 0.483501 0.000000 0.198860 0.750728 0.003441 0.199514 0.000000 0.000000 0.050125 -0.000127 -0.000127 0.000000 0.000000 1.000000 0.004975 0.004975 0.004975 0.000000 0.000000 0.000000 0.000000 0.000000
217 0.000000 1.000000 0.000000 0.000000 0.000000 0.483501 0.000000 0.198853 0.751433 0.003272 0.199514 0.000000 0.000000 0.050125 -0.000127 -0.000127 0.000000 0.000000 1.000000 0.004975 0.004975 0.004975 0.000000 0.000000 0.000000 0.000000 0.000000
218 0.000000 1.000000 0.000000 0.000000 0.000000 0.483501 0.000000 0.198846 0.752110 0.003110 0.199514 0.000000 0.000000 0.050125 -0.000127 -0.000127 0.000000 0.000000 1.000000 0.004975 0.004975 0.004975 0.000000 0.000000 0.000000 0.000000 0.000000
219 0.000000 1.000000 0.000000 0.000000 0.000000 0.483501 0.000000 0.198839 0.752760 0.002957 0.199514 0.000000 0.000000 0.050125 -0.000127 -0.000127 0.000000 0.000000 1.000000 0.004975 0.004975 0.004975 0.000000 0.000000 0.000000 0.000000 0.000000
220 0.000000 1.000000 0.000000 0.000000 0.000000 0.483501 0.000000 0.198831 0.753384 0.002811 0.199514 0.000000 0.000000 0.050125 -0.000127 -0.000127 0.000000 0.000000 1.000000 0.004975 0.004975 0.004975 0.000000 0.000000 0.000000 0.000000 0.000000
221 0.000000 1.000000 0.000000 0.000000 0.000000 0.483501 0.000000 0.198824 0.753982 0.002672 0.199514 0.000000 0.000000 0.050125 -0.000127 -0.000127 0.000000 0.000000 1.000000 0.004975 0.004975 0.004975 0.000000 0.000000 0.000000 0.000000 0.000000
222 0.000000 1.000000 0.000000 0.000000 0.000000 0.483501 0.000000 0.198817 0.754556 0.002540 0.199514 0.000000 0.000000 0.050125 -0.000127 -0.000127 0.000000 0.000000 1.000000 0.004975 0.004975 0.004975 0.000000 0.000000 0.000000 0.000000 0.000000
223 0.000000 1.000000 0.000000 0.000000 0.000000 0.483501 0.000000 0.198810 0.755106 0.002415 0.199514 0.000000 0.000000 0.050125 -0.000127 -0.000127 0.000000 0.000000 1.000000 0.004975 0.004975 0.004975 0.000000 0.000000 0.000000 0.000000 0.000000
224 0.000000 1.000000 0.000000 0.000000 0.000000 0.483501 0.000000 0.198803 0.755633 0.002295 0.199514 0.000000 0.000000 0.050125 -0.000127 -0.000127 0.000000 0.000000 1.000000 0.004975 0.004975 0.004975 0.000000 0.000000 0.000000 0.000000 0.000000
225 0.000000 1.000000 0.000000 0.000000 0.000000 0.483501 0.000000 0.198796 0.756138 0.002182 0.199514 0.000000 0.000000 0.050125 -0.000127 -0.000127 0.000000 0.000000 1.000000 0.004975 0.004975 0.004975 0.000000 0.000000 0.000000 0.000000 0.000000
226 0.000000 1.000000 0.000000 0.000000 0.000000 0.483501 0.000000 0.198788 0.756622 0.002074 0.199514 0.000000 0.000000 0.050125 -0.000127 -0.000127 0.000000 0.000000 1.000000 0.004975 0.004975 0.004975 0.000000 0.000000 0.000000 0.000000 0.000000
227 0.000000 1.000000 0.000000 0.000000 0.000000 0.483501 0.000000 0.198781 0.757084 0.001971 0.199514 0.000000 0.000000 0.050125 -0.000127 -0.000127 0.000000 0.000000 1.000000 0.004975 0.004975 0.004975 0.000000 0.000000 0.000000 0.000000 0.000000
228 0.000000 1.000000 0.000000 0.000000 0.000000 0.483501 0.000000 0.198774 0.757528 0.001874 0.199514 0.000000 0.000000 0.050125 -0.000127 -0.000127 0.000000 0.000000 1.000000 0.004975 0.004975 0.004975 0.000000 0.000000 0.000000 0.000000 0.000000
229 0.000000 1.000000 0.000000 0.000000 0.000000 0.483501 0.000000 0.198767 0.757952 0.001781 0.199514 0.000000 0.000000 0.050125 -0.000127 -0.000127 0.000000 0.000000 1.000000 0.004975 0.004975 0.004975 0.000000 0.000000 0.000000 0.000000 0.000000
230 0.000000 1.000000 0.000000 0.000000 0.000000 0.483501 0.000000 0.198760 0.758357 0.001693 0.199514 0.000000 0.000000 0.050125 -0.000127 -0.000127 0.000000 0.000000 1.000000 0.004975 0.004975 0.004975 0.000000 0.000000 0.000000 0.000000 0.000000
231 0.000000 1.000000 0.000000 0.000000 0.000000 0.483501 0.000000 0.198753 0.758746 0.001609 0.199514 0.000000 0.000000 0.050125 -0.000127 -0.000127 0.000000 0.000000 1.000000 0.004975 0.004975 0.004975 0.000000 0.000000 0.000000 0.000000 0.000000
232 0.000000 1.000000 0.000000 0.000000 0.000000 0.483501 0.000000 0.198745 0.759117 0.001529 0.199514 0.000000 0.000000 0.050125 -0.000127 -0.000127 0.000000 0.000000 1.000000 0.004975 0.004975 0.004975 0.000000 0.000000 0.000000 0.000000 0.000000
233 0.000000 1.000000 0.000000 0.000000 0.000000 0.483501 0.000000 0.198738 0.759472 0.001453 0.199514 0.000000 0.000000 0.050125 -0.000127 -0.000127 0.000000 0.000000 1.000000 0.004975 0.004975 0.004975 0.000000 0.000000 0.000000 0.000000 0.000000
234 0.000000 1.000000 0.000000 0.000000 0.000000 0.483501 0.000000 0.198731 0.759811 0.001381 0.199514 0.000000 0.000000 0.050125 -0.000127 -0.000127 0.000000 0.000000 1.000000 0.004975 0.004975 0.004975 0.000000 0.000000 0.000000 0.000000 0.000000
235 0.000000 1.000000 0.000000 0.000000 0.000000 0.483501 0.000000 0.198724 0.760135 0.001313 0.199514 0.000000 0.000000 0.050125 -0.000127 -0.000127 0.000000 0.000000 1.000000 0.004975 0.004975 0.004975 0.000000 0.000000 0.000000 0.000000 0.000000
236 0.000000 1.000000 0.000000 0.000000 0.000000 0.483501 0.000000 0.198716 0.760445 0.001248 0.199514 0.000000 0.000000 0.050125 -0.000127 -0.000127 0.000000 0.000000 1.000000 0.004975 0.004975 0.004975 0.000000 0.000000 0.000000 0.000000 0.000000
237 0.000000 1.000000 0.000000 0.000000 0.000000 0.483501 0.000000 0.198709 0.760741 0.001186 0.199514 0.000000 0.000000 0.050125 -0.000127 -0.000127 0.000000 0.000000 1.000000 0.004975 0.004975 0.004975 0.000000 0.000000 0.000000 0.000000 0.000000
238 0.000000 1.000000 0.000000 0.000000 0.000000 0.483501 0.000000 0.198702 0.761024 0.001127 0.199514 0.000000 0.000000 0.050125 -0.000127 -0.000127 0.000000 0.000000 1.000000 0.004975 0.004975 0.004975 0.000000 0.000000 0.000000 0.000000 0.000000
239 0.000000 1.000000 0.000000 0.000000 0.000000 0.483501 0.000000 0.198695 0.761294 0.001071 0.199514 0.000000 0.000000 0.050125 -0.000127 -0.000127 0.000000 0.000000 1.000000 0.004975 0.004975 0.004975 0.000000 0.000000 0.000000 0.000000 0.000000
240 0.000000 1.000000 0.000000 0.000000 0.000000 0.483501 0.000000 0.198688 0.761552 0.001018 0.199514 0.000000 0.000000 0.050125 -0.000127 -0.000127 0.000000 0.000000 1.000000 0.004975 0.004975 0.004975 0.000000 0.000000 0.000000 0.000000 0.000000
241 0.000000 1.000000 0.000000 0.000000 0.000000 0.483501 0.000000 0.198680 0.761798 0.000967 0.199514 0.000000 0.000000 0.050125 -0.000127 -0.000127 0.000000 0.000000 1.000000 0.004975 0.004975 0.004975 0.000000 0.000000 0.000000 0.000000 0.000000
242 0.000000 1.000000 0.000000 0.000000 0.000000 0.483501 0.000000 0.198673 0.762033 0.000919 0.199514 0.000000 0.000000 0.050125 -0.000127 -0.000127 0.000000 0.000000 1.000000 0.004975 0.004975 0.004975 0.000000 0.000000 0.000000 0.000000 0.000000
243 0.000000 1.000000 0.000000 0.000000 0.000000 0.483501 0.000000 0.198666 0.762257 0.000873 0.199514 0.000000 0.000000 0.050125 -0.000127 -0.000127 0.000000 0.000000 1.000000 0.004975 0.004975 0.004975 0.000000 0.000000 0.000000 0.000000 0.000000
244 0.000000 1.000000 0.000000 0.000000 0.000000 0.483501 0.000000 0.198659 0.762471 0.000830 0.199514 0.000000 0.000000 0.050125 -0.000127 -0.000127 0.000000 0.000000 1.000000 0.004975 0.004975 0.004975 0.000000 0.000000 0.000000 0.000000 0.000000
245 0.000000 1.000000 0.000000 0.000000 0.000000 0.483501 0.000000 0.198651 0.762676 0.000789 0.199514 0.000000 0.000000 0.050125 -0.000127 -0.000127 0.000000 0.000000 1.000000 0.004975 0.004975 0.004975 0.000000 0.000000 0.000000 0.000000 0.000000
246 0.000000 1.000000 0.000000 0.000000 0.000000 0.483501 0.000000 0.198644 0.762871 0.000750 0.199514 0.000000 0.000000 0.050125 -0.000127 -0.000127 0.000000 0.000000 1.000000 0.004975 0.004975 0.004975 0.000000 0.000000 0.000000 0.000000 0.000000
247 0.000000 1.000000 0.000000 0.000000 0.000000 0.483501 0.000000 0.198637 0.763057 0.000712 0.199514 0.000000 0.000000 0.050125 -0.000127 -0.000127 0.000000 0.000000 1.000000 0.004975 0.004975 0.004975 0.000000 0.000000 0.000000 0.000000 0.000000
248 0.000000 1.000000 0.000000 0.000000 0.000000 0.483501 0.000000 0.198630 0.763234 0.000677 0.199514 0.000000 0.000000 0.050125 -0.000127 -0.000127 0.000000 0.000000 1.000000 0.004975 0.004975 0.004975 0.000000 0.000000 0.000000 0.000000 0.000000
249 0.000000 1.000000 0.000000 0.000000 0.000000 0.483501 0.000000 0.198622 0.763403 0.000643 0.199514 0.000000 0.000000 0.050125 -0.000127 -0.000127 0.000000 0.000000 1.000000 0.004975 0.004975 0.004975 0.000000 0.000000 0.000000 0.000000 0.000000
250 0.000000 1.000000 0.000000 0.000000 0.000000 0.483501 0.000000 0.198615 0.763564 0.000611 0.199514 0.000000 0.000000 0.050125 -0.000127 -0.000127 0.000000 0.000000 1.000000 0.004975 0.004975 0.004975 0.000000 0.000000 0.000000 0.000000 0.000000
251 0.000000 1.000000 0.000000 0.000000 0.000000 0.483501 0.000000 0.198608 0.763718 0.000581 0.199514 0.000000 0.000000 0.050125 -0.000127 -0.000127 0.000000 0.000000 1.000000 0.004975 0.004975 0.004975 0.000000 0.000000 0.000000 0.000000 0.000000
252 0.000000 1.000000 0.000000 0.000000 0.000000 0.483501 0.000000 0.198601 0.763865 0.000552 0.199514 0.000000 0.000000 0.050125 -0.000127 -0.000127 0.000000 0.000000 1.000000 0.004975 0.004975 0.004975 0.000000 0.000000 0.000000 0.000000 0.000000
253 0.000000 1.000000 0.000000 0.000000 0.000000 0.483501 0.000000 0.198593 0.764004 0.000524 0.199514 0.000000 0.000000 0.050125 -0.000127 -0.000127 0.000000 0.000000 1.000000 0.004975 0.004975 0.004975 0.000000 0.000000 0.000000 0.000000 0.000000
254 0.000000 1.000000 0.000000 0.000000 0.000000 0.483501 0.000000 0.198586 0.764138 0.000498 0.199514 0.000000 0.000000 0.050125 -0.000127 -0.000127 0.000000 0.000000 1.000000 0.004975 0.004975 0.004975 0.000000 0.000000 0.000000 0.000000 0.000000
255 0.000000 1.000000 0.000000 0.000000 0.000000 0.483501 0.000000 0.198579 0.764265 0.000473 0.199514 0.000000 0.000000 0.050125 -0.000127 -0.000127 0.000000 0.000000 1.000000 0.004975 0.004975 0.004975 0.000000 0.000000 0.000000 0.000000 0.000000
256 0.000000 1.000000 0.000000 0.000000 0.000000 0.483501 0.000000 0.198572 0.764386 0.000450 0.199514 0.000000 0.000000 0.050125 -0.000127 -0.000127 0.000000 0.000000 1.000000 0.004975 0.004975 0.004975 0.000000 0.000000 0.000000 0.000000 0.000000
257 0.000000 1.000000 0.000000 0.000000 0.000000 0.483501 0.000000 0.198564 0.764501 0.000427 0.199514 0.000000 0.000000 0.050125 -0.000127 -0.000127 0.000000 0.000000 1.000000 0.004975 0.004975 0.004975 0.000000 0.000000 0.000000 0.000000 0.000000
258 0.000000 1.000000 0.000000 0.000000 0.000000 0.483501 0.000000 0.198557 0.764611 0.000406 0.199514 0.000000 0.000000 0.050125 -0.000127 -0.000127 0.000000 0.000000 1.000000 0.004975 0.004975 0.004975 0.000000 0.000000 0.000000 0.000000 0.000000
259 0.000000 1.000000 0.000000 0.000000 0.000000 0.483501 0.000000 0.198550 0.764716 0.000386 0.199514 0.000000 0.000000 0.050125 -0.000127 -0.000127 0.000000 0.000000 1.000000 0.004975 0.004975 0.004975 0.000000 0.000000 0.000000 0.000000 0.000000
260 0.000000 1.000000 0.000000 0.000000 0.000000 0.483501 0.000000 0.198543 0.764816 0.000367 0.199514 0.000000 0.000000 0.050125 -0.000127 -0.000127 0.000000 0.000000 1.000000 0.004975 0.004975 0.004975 0.000000 0.000000 0.000000 0.000000 0.000000
261 0.000000 1.000000 0.000000 0.000000 0.000000 0.483501 0.000000 0.198535 0.764911 0.000348 0.199514 0.000000 0.000000 0.050125 -0.000127 -0.000127 0.000000 0.000000 1.000000 0.004975 0.004975 0.004975 0.000000 0.000000 0.000000 0.000000 0.000000
262 0.000000 1.000000 0.000000 0.000000 0.000000 0.483501 0.000000 0.198528 0.765001 0.000331 0.199514 0.000000 0.000000 0.050125 -0.000127 -0.000127 0.000000 0.000000 1.000000 0.004975 0.004975 0.004975 0.000000 0.000000 0.000000 0.000000 0.000000
263 0.000000 1.000000 0.000000 0.000000 0.000000 0.483501 0.000000 0.198521 0.765088 0.000315 0.199514 0.000000 0.000000 0.050125 -0.000127 -0.000127 0.000000 0.000000 1.000000 0.004975 0.004975 0.004975 0.000000 0.000000 0.000000 0.000000 0.000000
264 0.000000 1.000000 0.000000 0.000000 0.000000 0.483501 0.000000 0.198514 0.765170 0.000299 0.199514 0.000000 0.000000 0.050125 -0.000127 -0.000127 0.000000 0.000000 1.000000 0.004975 0.004975 0.004975 0.000000 0.000000 0.000000 0.000000 0.000000
265 0.000000 1.000000 0.000000 0.000000 0.000000 0.483501 0.000000 0.198506 0.765248 0.000284 0.199514 0.000000 0.000000 0.050125 -0.000127 -0.000127 0.000000 0.000000 1.000000 0.004975 0.004975 0.004975 0.000000 0.000000 0.000000 0.000000 0.000000
266 0.000000 1.000000 0.000000 0.000000 0.000000 0.483501 0.000000 0.198499 0.765323 0.000270 0.199514 0.000000 0.000000 0.050125 -0.000127 -0.000127 0.000000 0.000000 1.000000 0.004975 0.004975 0.004975 0.000000 0.000000 0.000000 0.000000 0.000000
267 0.000000 1.000000 0.000000 0.000000 0.000000 0.483501 0.000000 0.198492 0.765394 0.000256 0.199514 0.000000 0.000000 0.050125 -0.000127 -0.000127 0.000000 0.000000 1.000000 0.004975 0.004975 0.004975 0.000000 0.000000 0.000000 0.000000 0.000000
268 0.000000 1.000000 0.000000 0.000000 0.000000 0.483501 0.000000 0.198484 0.765461 0.000244 0.199514 0.000000 0.000000 0.050125 -0.000127 -0.000127 0.000000 0.000000 1.000000 0.004975 0.004975 0.004975 0.000000 0.000000 0.000000 0.000000 0.000000
269 0.000000 1.000000 0.000000 0.000000 0.000000 0.483501 0.000000 0.198477 0.765526 0.000231 0.199514 0.000000 0.000000 0.050125 -0.000127 -0.000127 0.000000 0.000000 1.000000 0.004975 0.004975 0.004975 0.000000 0.000000 0.000000 0.000000 0.000000
270 0.000000 1.000000 0.000000 0.000000 0.000000 0.483501 0.000000 0.198470 0.765587 0.000220 0.199514 0.000000 0.000000 0.050125 -0.000127 -0.000127 0.000000 0.000000 1.000000 0.004975 0.004975 0.004975 0.000000 0.000000 0.000000 0.000000 0.000000
271 0.000000 1.000000 0.000000 0.000000 0.000000 0.483501 0.000000 0.198463 0.765645 0.000209 0.199514 0.000000 0.000000 0.050125 -0.000127 -0.000127 0.000000 0.000000 1.000000 0.004975 0.004975 0.004975 0.000000 0.000000 0.000000 0.000000 0.000000
272 0.000000 1.000000 0.000000 0.000000 0.000000 0.483501 0.000000 0.198455 0.765701 0.000198 0.199514 0.000000 0.000000 0.050125 -0.000127 -0.000127 0.000000 0.000000 1.000000 0.004975 0.004975 0.004975 0.000000 0.000000 0.000000 0.000000 0.000000
273 0.000000 1.000000 0.000000 0.000000 0.000000 0.483501 0.000000 0.198448 0.765754 0.000189 0.199514 0.000000 0.000000 0.050125 -0.000127 -0.000127 0.000000 0.000000 1.000000 0.004975 0.004975 0.004975 0.000000 0.000000 0.000000 0.000000 0.000000
274 0.000000 1.000000 0.000000 0.000000 0.000000 0.483501 0.000000 0.198441 0.765804 0.000179 0.199514 0.000000 0.000000 0.050125 -0.000127 -0.000127 0.000000 0.000000 1.000000 0.004975 0.004975 0.004975 0.000000 0.000000 0.000000 0.000000 0.000000
275 0.000000 1.000000 0.000000 0.000000 0.000000 0.483501 0.000000 0.198434 0.765852 0.000170 0.199514 0.000000 0.000000 0.050125 -0.000127 -0.000127 0.000000 0.000000 1.000000 0.004975 0.004975 0.004975 0.000000 0.000000 0.000000 0.000000 0.000000
276 0.000000 1.000000 0.000000 0.000000 0.000000 0.483501 0.000000 0.198426 0.765897 0.000162 0.199514 0.000000 0.000000 0.050125 -0.000127 -0.000127 0.000000 0.000000 1.000000 0.004975 0.004975 0.004975 0.000000 0.000000 0.000000 0.000000 0.000000
277 0.000000 1.000000 0.000000 0.000000 0.000000 0.483501 0.000000 0.198419 0.765941 0.000154 0.199514 0.000000 0.000000 0.050125 -0.000127 -0.000127 0.000000 0.000000 1.000000 0.004975 0.004975 0.004975 0.000000 0.000000 0.000000 0.000000 0.000000
278 0.000000 1.000000 0.000000 0.000000 0.000000 0.483501 0.000000 0.198412 0.765982 0.000146 0.199514 0.000000 0.000000 0.050125 -0.000127 -0.000127 0.000000 0.000000 1.000000 0.004975 0.004975 0.004975 0.000000 0.000000 0.000000 0.000000 0.000000
279 0.000000 1.000000 0.000000 0.000000 0.000000 0.483501 0.000000 0.198404 0.766021 0.000139 0.199514 0.000000 0.000000 0.050125 -0.000127 -0.000127 0.000000 0.000000 1.000000 0.004975 0.004975 0.004975 0.000000 0.000000 0.000000 0.000000 0.000000
280 0.000000 1.000000 0.000000 0.000000 0.000000 0.483501 0.000000 0.198397 0.766059 0.000132 0.199514 0.000000 0.000000 0.050125 -0.000127 -0.000127 0.000000 0.000000 1.000000 0.004975 0.004975 0.004975 0.000000 0.000000 0.000000 0.000000 0.000000
281 0.000000 1.000000 0.000000 0.000000 0.000000 0.483501 0.000000 0.198390 0.766094 0.000125 0.199514 0.000000 0.000000 0.050125 -0.000127 -0.000127 0.000000 0.000000 1.000000 0.004975 0.004975 0.004975 0.000000 0.000000 0.000000 0.000000 0.000000
282 0.000000 1.000000 0.000000 0.000000 0.000000 0.483501 0.000000 0.198383 0.766128 0.000119 0.199514 0.000000 0.000000 0.050125 -0.000127 -0.000127 0.000000 0.000000 1.000000 0.004975 0.004975 0.004975 0.000000 0.000000 0.000000 0.000000 0.000000
283 0.000000 1.000000 0.000000 0.000000 0.000000 0.483501 0.000000 0.198375 0.766160 0.000113 0.199514 0.000000 0.000000 0.050125 -0.000127 -0.000127 0.000000 0.000000 1.000000 0.004975 0.004975 0.004975 0.000000 0.000000 0.000000 0.000000 0.000000
284 0.000000 1.000000 0.000000 0.000000 0.000000 0.483501 0.000000 0.198368 0.766191 0.000107 0.199514 0.000000 0.000000 0.050125 -0.000127 -0.000127 0.000000 0.000000 1.000000 0.004975 0.004975 0.004975 0.000000 0.000000 0.000000 0.000000 0.000000
285 0.000000 1.000000 0.000000 0.000000 0.000000 0.483501 0.000000 0.198361 0.766220 0.000102 0.199514 0.000000 0.000000 0.050125 -0.000127 -0.000127 0.000000 0.000000 1.000000 0.004975 0.004975 0.004975 0.000000 0.000000 0.000000 0.000000 0.000000
286 0.000000 1.000000 0.000000 0.000000 0.000000 0.483501 0.000000 0.198354 0.766248 0.000097 0.199514 0.000000 0.000000 0.050125 -0.000127 -0.000127 0.000000 0.000000 1.000000 0.004975 0.004975 0.004975 0.000000 0.000000 0.000000 0.000000 0.000000
287 0.000000 1.000000 0.000000 0.000000 0.000000 0.483501 0.000000 0.198346 0.766274 0.000092 0.199514 0.000000 0.000000 0.050125 -0.000127 -0.000127 0.000000 0.000000 1.000000 0.004975 0.004975 0.004975 0.000000 0.000000 0.000000 0.000000 0.000000
288 0.000000 1.000000 0.000000 0.000000 0.000000 0.483501 0.000000 0.198339 0.766299 0.000087 0.199514 0.000000 0.000000 0.050125 -0.000127 -0.000127 0.000000 0.000000 1.000000 0.004975 0.004975 0.004975 0.000000 0.000000 0.000000 0.000000 0.000000
289 0.000000 1.000000 0.000000 0.000000 0.000000 0.483501 0.000000 0.198332 0.766323 0.000083 0.199514 0.000000 0.000000 0.050125 -0.000127 -0.000127 0.000000 0.000000 1.000000 0.004975 0.004975 0.004975 0.000000 0.000000 0.000000 0.000000 0.000000
290 0.000000 1.000000 0.000000 0.000000 0.000000 0.483501 0.000000 0.198324 0.766346 0.000079 0.199514 0.000000 0.000000 0.050125 -0.000127 -0.000127 0.000000 0.000000 1.000000 0.004975 0.004975 0.004975 0.000000 0.000000 0.000000 0.000000 0.000000
291 0.000000 1.000000 0.000000 0.000000 0.000000 0.483501 0.000000 0.198317 0.766367 0.000075 0.199514 0.000000 0.000000 0.050125 -0.000127 -0.000127 0.000000 0.000000 1.000000 0.004975 0.004975 0.004975 0.000000 0.000000 0.000000 0.000000 0.000000
292 0.000000 1.000000 0.000000 0.000000 0.000000 0.483501 0.000000 0.198310 0.766388 0.000071 0.199514 0.000000 0.000000 0.050125 -0.000127 -0.000127 0.000000 0.000000 1.000000 0.004975 0.004975 0.004975 0.000000 0.000000 0.000000 0.000000 0.000000
293 0.000000 1.000000 0.000000 0.000000 0.000000 0.483501 0.000000 0.198303 0.766408 0.000068 0.199514 0.000000 0.000000 0.050125 -0.000127 -0.000127 0.000000 0.000000 1.000000 0.004975 0.004975 0.004975 0.000000 0.000000 0.000000 0.000000 0.000000
294 0.000000 1.000000 0.000000 0.000000 0.000000 0.483501 0.000000 0.198295 0.766426 0.000064 0.199514 0.000000 0.000000 0.050125 -0.000127 -0.000127 0.000000 0.000000 1.000000 0.004975 0.004975 0.004975 0.000000 0.000000 0.000000 0.000000 0.000000
295 0.000000 1.000000 0.000000 0.000000 0.000000 0.483501 0.000000 0.198288 0.766444 0.000061 0.199514 0.000000 0.000000 0.050125 -0.000127 -0.000127 0.000000 0.000000 1.000000 0.004975 0.004975 0.004975 0.000000 0.000000 0.000000 0.000000 0.000000
296 0.000000 1.000000 0.000000 0.000000 0.000000 0.483501 0.000000 0.198281 0.766461 0.000058 0.199514 0.000000 0.000000 0.050125 -0.000127 -0.000127 0.000000 0.000000 1.000000 0.004975 0.004975 0.004975 0.000000 0.000000 0.000000 0.000000 0.000000
297 0.000000 1.000000 0.000000 0.000000 0.000000 0.483501 0.000000 0.198274 0.766477 0.000055 0.199514 0.000000 0.000000 0.050125 -0.000127 -0.000127 0.000000 0.000000 1.000000 0.004975 0.004975 0.004975 0.000000 0.000000 0.000000 0.000000 0.000000
298 0.000000 1.000000 0.000000 0.000000 0.000000 0.483501 0.000000 0.198266 0.766492 0.000052 0.199514 0.000000 0.000000 0.050125 -0.000127 -0.000127 0.000000 0.000000 1.000000 0.004975 0.004975 0.004975 0.000000 0.000000 0.000000 0.000000 0.000000
299 0.000000 1.000000 0.000000 0.000000 0.000000 0.483501 0.000000 0.198259 0.766506 0.000050 0.199514 0.000000 0.000000 0.050125 -0.000127 -0.000127 0.000000 0.000000 1.000000 0.004975 0.004975 0.004975 0.000000 0.000000 0.000000 0.000000 0.000000
300 0.000000 1.000000 0.000000 0.000000 0.000000 0.483501 0.000000 0.198252 0.766520 0.000047 0.199514 0.000000 0.000000 0.050125 -0.000127 -0.000127 0.000000 0.000000 1.000000 0.004975 0.004975 0.004975 0.000000 0.000000 0.000000 0.000000 0.000000
301 0.000000 1.000000 0.000000 0.000000 0.000000 0.483422 0.000000 0.198244 0.766533 0.000045 0.199514 0.000000 0.000000 0.050125 -0.000127 -0.000127 0.000000 0.000000 1.000000 0.004975 0.004975 0.004975 0.000000 0.000000 0.000000 0.000000 0.000000
302 0.000000 1.000000 0.000000 0.000000 0.000000 0.483422 0.000000 0.198237 0.766545 0.000043 0.199514 0.000000 0.000000 0.050125 -0.000127 -0.000127 0.000000 0.000000 1.000000 0.004975 0.004975 0.004975 0.000000 0.000000 0.000000 0.000000 0.000000
303 0.000000 1.000000 0.000000 0.000000 0.000000 0.483422 0.000000 0.198230 0.766556 0.000041 0.199514 0.000000 0.000000 0.050125 -0.000127 -0.000127 0.000000 0.000000 1.000000 0.004975 0.004975 0.004975 0.000000 0.000000 0.000000 0.000000 0.000000
304 0.000000 1.000000 0.000000 0.000000 0.000000 0.483422 0.000000 0.198223 0.766567 0.000038 0.199514 0.000000 0.000000 0.050125 -0.000127 -0.000127 0.000000 0.000000 1.000000 0.004975 0.004975 0.004975 0.000000 0.000000 0.000000 0.000000 0.000000
305 0.000000 1.000000 0.000000 0.000000 0.000000 0.483422 0.000000 0.198215 0.766576 0.000037 0.199514 0.000000 0.000000 0.050125 -0.000127 -0.000127 0.000000 0.000000 1.000000 0.004975 0.004975 0.004975 0.000000 0.000000 0.000000 0.000000 0.000000
306 0.000000 1.000000 0.000000 0.000000 0.000000 0.483422 0.000000 0.198208 0.766585 0.000035 0.199514 0.000000 0.000000 0.050125 -0.000127 -0.000127 0.000000 0.000000 1.000000 0.004975 0.004975 0.004975 0.000000 0.000000 0.000000 0.000000 0.000000
307 0.000000 1.000000 0.000000 0.000000 0.000000 0.483422 0.000000 0.198201 0.766593 0.000033 0.199514 0.000000 0.000000 0.050125 -0.000127 -0.000127 0.000000 0.000000 1.000000 0.004975 0.004975 0.004975 0.000000 0.000000 0.000000 0.000000 0.000000
308 0.000000 1.000000 0.000000 0.000000 0.000000 0.483422 0.000000 0.198194 0.766600 0.000031 0.199514 0.000000 0.000000 0.050125 -0.000127 -0.000127 0.000000 0.000000 1.000000 0.004975 0.004975 0.004975 0.000000 0.000000 0.000000 0.000000 0.000000
309 0.000000 1.000000 0.000000 0.000000 0.000000 0.483422 0.000000 0.198186 0.766607 0.000030 0.199514 0.000000 0.000000 0.050125 -0.000127 -0.000127 0.000000 0.000000 1.000000 0.004975 0.004975 0.004975 0.000000 0.000000 0.000000 0.000000 0.000000
310 0.000000 1.000000 0.000000 0.000000 0.000000 0.483422 0.000000 0.198179 0.766614 0.000028 0.199514 0.000000 0.000000 0.050125 -0.000127 -0.000127 0.000000 0.000000 1.000000 0.004975 0.004975 0.004975 0.000000 0.000000 0.000000 0.000000 0.000000
311 0.000000 1.000000 0.000000 0.000000 0.000000 0.483422 0.000000 0.198162 1.833080 0.000027 0.199514 0.363278 0.000000 0.050125 -0.000127 -0.000127 0.000000 0.000000 1.000000 0.004975 0.004975 0.004975 0.000000 0.000000 0.000000 1.000000 0.000000
312 0.000000 1.000000 0.000000 0.000000 0.000000 0.486972 0.000000 0.198144 1.833081 0.000026 0.199514 0.363246 0.000000 0.050125 -0.000127 -0.000127 0.000000 0.000000 1.000000 0.004975 0.004975 0.004975 0.000000 0.000000 0.000000 1.000000 0.000000
313 0.000000 1.000000 0.000000 0.000000 0.000000 0.490600 0.000000 0.198127 1.833085 0.000024 0.199514 0.363215 0.000000 0.050125 -0.000127 -0.000127 0.000000 0.000000 1.000000 0.004975 0.004975 0.004975 0.000000 0.000000 0.000000 1.000000 0.000000
314 0.000000 1.000000 0.000000 0.000000 0.000000 0.494310 0.000000 0.198109 1.833092 0.000023 0.199514 0.363185 0.000000 0.050125 -0.000127 -0.000127 0.000000 0.000000 1.000000 0.004975 0.004975 0.004975 0.000000 0.000000 0.000000 1.000000 0.000000
315 0.000000 1.000000 0.000000 0.000000 0.000000 0.498105 0.000000 0.198092 1.833105 0.000022 0.199514 0.363155 0.000000 0.050125 -0.000127 -0.000127 0.000000 0.000000 1.000000 0.004975 0.004975 0.004975 0.000000 0.000000 0.000000 1.000000 0.000000
316 0.000000 1.000000 0.000000 0.000000 0.000000 0.501988 0.000000 0.198075 1.833126 0.000021 0.199514 0.363128 0.000000 0.050125 -0.000127 -0.000127 0.000000 0.000000 1.000000 0.004975 0.004975 0.004975 0.000000 0.000000 0.000000 1.000000 0.000000
317 0.000000 1.000000 0.000000 0.000000 0.000000 0.505963 0.000000 0.198057 1.833156 0.000020 0.199514 0.363102 0.000000 0.050125 -0.000127 -0.000127 0.000000 0.000000 1.000000 0.004975 0.004975 0.004975 0.000000 0.000000 0.000000 1.000000 0.000000
318 0.000000 1.000000 0.000000 0.000000 0.000000 0.510033 0.000000 0.198040 1.833195 0.000019 0.199514 0.363078 0.000000 0.050125 -0.000127 -0.000127 0.000000 0.000000 1.000000 0.004975 0.004975 0.004975 0.000000 0.000000 0.000000 1.000000 0.000000
319 0.000000 1.000000 0.000000 0.000000 0.000000 0.514202 0.000000 0.198022 1.833246 0.000018 0.199514 0.363056 0.000000 0.050125 -0.000127 -0.000127 0.000000 0.000000 1.000000 0.004975 0.004975 0.004975 0.000000 0.000000 0.000000 1.000000 0.000000
320 0.000000 1.000000 0.000000 0.000000 0.000000 0.518475 0.000000 0.198005 1.833310 0.000017 0.199514 0.363036 0.000000 0.050125 -0.000127 -0.000127 0.000000 0.000000 1.000000 0.004975 0.004975 0.004975 0.000000 0.000000 0.000000 1.000000 0.000000
321 0.000000 1.000000 0.000000 0.000000 0.000000 0.522855 0.000000 0.197988 1.833386 0.000016 0.199514 0.363020 0.000000 0.050125 -0.000127 -0.000127 0.000000 0.000000 1.000000 0.004975 0.004975 0.004975 0.000000 0.000000 0.000000 1.000000 0.000000
322 0.000000 1.000000 0.000000 0.000000 0.000000 0.527347 0.000000 0.197970 1.833477 0.000015 0.199514 0.363006 0.000000 0.050125 -0.000127 -0.000127 0.000000 0.000000 1.000000 0.004975 0.004975 0.004975 0.000000 0.000000 0.000000 1.000000 0.000000
323 0.000000 1.000000 0.000000 0.000000 0.000000 0.531956 0.000000 0.197953 1.833582 0.000015 0.199514 0.362995 0.000000 0.050125 -0.000127 -0.000127 0.000000 0.000000 1.000000 0.004975 0.004975 0.004975 0.000000 0.000000 0.000000 1.000000 0.000000
324 0.000000 1.000000 0.000000 0.000000 0.000000 0.536688 0.000000 0.197935 1.833703 0.000014 0.199514 0.362987 0.000000 0.050125 -0.000127 -0.000127 0.000000 0.000000 1.000000 0.004975 0.004975 0.004975 0.000000 0.000000 0.000000 1.000000 0.000000
325 0.000000 1.000000 0.000000 0.000000 0.000000 0.541547 0.000000 0.197918 1.833839 0.000013 0.199514 0.362982 0.000000 0.050125 -0.000127 -0.000127 0.000000 0.000000 1.000000 0.004975 0.004975 0.004975 0.000000 0.000000 0.000000 1.000000 0.000000
326 0.000000 1.000000 0.000000 0.000000 0.000000 0.546539 0.000000 0.197901 1.833992 0.000012 0.199514 0.362980 0.000000 0.050125 -0.000127 -0.000127 0.000000 0.000000 1.000000 0.004975 0.004975 0.004975 0.000000 0.000000 0.000000 1.000000 0.000000
327 0.000000 1.000000 0.000000 0.000000 0.000000 0.551671 0.000000 0.197883 1.834163 0.000012 0.199514 0.362982 0.000000 0.050125 -0.000127 -0.000127 0.000000 0.000000 1.000000 0.004975 0.004975 0.004975 0.000000 0.000000 0.000000 1.000000 0.000000
328 0.000000 1.000000 0.000000 0.000000 0.000000 0.556949 0.000000 0.197866 1.834350 0.000011 0.199514 0.362987 0.000000 0.050125 -0.000127 -0.000127 0.000000 0.000000 1.000000 0.004975 0.004975 0.004975 0.000000 0.000000 0.000000 1.000000 0.000000
329 0.000000 1.000000 0.000000 0.000000 0.000000 0.562380 0.000000 0.197848 1.834555 0.000011 0.199514 0.362996 0.000000 0.050125 -0.000127 -0.000127 0.000000 0.000000 1.000000 0.004975 0.004975 0.004975 0.000000 0.000000 0.000000 1.000000 0.000000
330 0.000000 1.000000 0.000000 0.000000 0.000000 0.567972 0.000000 0.197831 1.834779 0.000010 0.199514 0.363008 0.000000 0.050125 -0.000127 -0.000127 0.000000 0.000000 1.000000 0.004975 0.004975 0.004975 0.000000 0.000000 0.000000 1.000000 0.000000
331 0.000000 1.000000 0.000000 0.000000 0.000000 0.573732 0.000000 0.197813 1.835020 0.000000 0.199514 0.363024 0.000000 0.050125 -0.000127 -0.000127 0.000000 0.000000 1.000000 0.004975 0.004975 0.004975 0.000000 0.000000 0.000000 1.000000 0.000000
332 0.000000 1.000000 0.000000 0.000000 0.000000 0.579670 0.000000 0.197796 1.835281 0.000000 0.199514 0.363043 0.000000 0.050125 -0.000127 -0.000127 0.000000 0.000000 1.000000 0.004975 0.004975 0.004975 0.000000 0.000000 0.000000 1.000000 0.000000
333 0.000000 1.000000 0.000000 0.000000 0.000000 0.585795 0.000000 0.197779 1.835560 0.000000 0.199514 0.363067 0.000000 0.050125 -0.000127 -0.000127 0.000000 0.000000 1.000000 0.004975 0.004975 0.004975 0.000000 0.000000 0.000000 1.000000 0.000000
334 0.000000 1.000000 0.000000 0.000000 0.000000 0.592116 0.000000 0.197761 1.835859 0.000000 0.199514 0.363094 0.000000 0.050125 -0.000127 -0.000127 0.000000 0.000000 1.000000 0.004975 0.004975 0.004975 0.000000 0.000000 0.000000 1.000000 0.000000
335 0.000000 1.000000 0.000000 0.000000 0.000000 0.598643 0.000000 0.197744 1.836177 0.000000 0.199514 0.363125 0.000000 0.050125 -0.000127 -0.000127 0.000000 0.000000 1.000000 0.004975 0.004975 0.004975 0.000000 0.000000 0.000000 1.000000 0.000000
336 0.000000 1.000000 0.000000 0.000000 0.000000 0.605390 0.000000 0.197726 1.836515 0.000000 0.199514 0.363159 0.000000 0.050125 -0.000127 -0.000127 0.000000 0.000000 1.000000 0.004975 0.004975 0.004975 0.000000 0.000000 0.000000 1.000000 0.000000
337 0.000000 1.000000 0.000000 0.000000 0.000000 0.612367 0.000000 0.197709 1.836872 0.000000 0.199514 0.363198 0.000000 0.050125 -0.000127 -0.000127 0.000000 0.000000 1.000000 0.004975 0.004975 0.004975 0.000000 0.000000 0.000000 1.000000 0.000000
338 0.000000 1.000000 0.000000 0.000000 0.000000 0.619589 0.000000 0.197691 1.837251 0.000000 0.199514 0.363241 0.000000 0.050125 -0.000127 -0.000127 0.000000 0.000000 1.000000 0.004975 0.004975 0.004975 0.000000 0.000000 0.000000 1.000000 0.000000
339 0.000000 1.000000 0.000000 0.000000 0.000000 0.627069 0.000000 0.197674 1.837649 0.000000 0.199514 0.363288 0.000000 0.050125 -0.000127 -0.000127 0.000000 0.000000 1.000000 0.004975 0.004975 0.004975 0.000000 0.000000 0.000000 1.000000 0.000000
340 0.000000 1.000000 0.000000 0.000000 0.000000 0.634824 0.000000 0.197657 1.838069 0.000000 0.199514 0.363339 0.000000 0.050125 -0.000127 -0.000127 0.000000 0.000000 1.000000 0.004975 0.004975 0.004975 0.000000 0.000000 0.000000 1.000000 0.000000
341 0.000000 1.000000 0.000000 0.000000 0.000000 0.642869 0.000000 0.197639 1.838510 0.000000 0.199514 0.363394 0.000000 0.050125 -0.000127 -0.000127 0.000000 0.000000 1.000000 0.004975 0.004975 0.004975 0.000000 0.000000 0.000000 1.000000 0.000000
342 0.000000 1.000000 0.000000 0.000000 0.000000 0.651225 0.000000 0.197622 1.838972 0.000000 0.199514 0.363453 0.000000 0.050125 -0.000127 -0.000127 0.000000 0.000000 1.000000 0.004975 0.004975 0.004975 0.000000 0.000000 0.000000 1.000000 0.000000
343 0.000000 1.000000 0.000000 0.000000 0.000000 0.659910 0.000000 0.197604 1.839456 0.000000 0.199514 0.363516 0.000000 0.050125 -0.000127 -0.000127 0.000000 0.000000 1.000000 0.004975 0.004975 0.004975 0.000000 0.000000 0.000000 1.000000 0.000000
344 0.000000 1.000000 0.000000 0.000000 0.000000 0.668948 0.000000 0.197587 1.839963 0.000000 0.199514 0.363584 0.000000 0.050125 -0.000127 -0.000127 0.000000 0.000000 1.000000 0.004975 0.004975 0.004975 0.000000 0.000000 0.000000 1.000000 0.000000
345 0.000000 1.000000 0.000000 0.000000 0.000000 0.678361 0.000000 0.197569 1.840492 0.000000 0.199514 0.363657 0.000000 0.050125 -0.000127 -0.000127 0.000000 0.000000 1.000000 0.004975 0.004975 0.004975 0.000000 0.000000 0.000000 1.000000 0.000000
346 0.000000 1.000000 0.000000 0.000000 0.000000 0.688176 0.000000 0.197552 1.841044 0.000000 0.199514 0.363734 0.000000 0.050125 -0.000127 -0.000127 0.000000 0.000000 1.000000 0.004975 0.004975 0.004975 0.000000 0.000000 0.000000 1.000000 0.000000
347 0.000000 1.000000 0.000000 0.000000 0.000000 0.698423 0.000000 0.197534 1.841620 0.000000 0.199514 0.363815 0.000000 0.050125 -0.000127 -0.000127 0.000000 0.000000 1.000000 0.004975 0.004975 0.004975 0.000000 0.000000 0.000000 1.000000 0.000000
348 0.000000 1.000000 0.000000 0.000000 0.000000 0.709132 0.000000 0.197517 1.842220 0.000000 0.199514 0.363902 0.000000 0.050125 -0.000127 -0.000127 0.000000 0.000000 1.000000 0.004975 0.004975 0.004975 0.000000 0.000000 0.000000 1.000000 0.000000
349 0.000000 1.000000 0.000000 0.000000 0.000000 0.720340 0.000000 0.197499 1.842844 0.000000 0.199514 0.363993 0.000000 0.050125 -0.000127 -0.000127 0.000000 0.000000 1.000000 0.004975 0.004975 0.004975 0.000000 0.000000 0.000000 1.000000 0.000000
350 0.000000 1.000000 0.000000 0.000000 0.000000 0.732086 0.000000 0.197482 1.843494 0.000000 0.199514 0.364089 0.000000 0.050125 -0.000127 -0.000127 0.000000 0.000000 1.000000 0.004975 0.004975 0.004975 0.000000 0.000000 0.000000 1.000000 0.000000
351 0.000000 1.000000 0.000000 0.000000 0.000000 0.744413 0.000000 0.197464 1.844171 0.000000 0.199514 0.364190 0.000000 0.050125 -0.000127 -0.000127 0.000000 0.000000 1.000000 0.004975 0.004975 0.004975 0.000000 0.000000 0.000000 1.000000 0.000000
352 0.000000 1.000000 0.000000 0.000000 0.000000 0.757369 0.000000 0.197447 1.844874 0.000000 0.199514 0.364297 0.000000 0.050125 -0.000127 -0.000127 0.000000 0.000000 1.000000 0.004975 0.004975 0.004975 0.000000 0.000000 0.000000 1.000000 0.000000
353 0.000000 1.000000 0.000000 0.000000 0.000000 0.771008 0.000000 0.197429 1.845605 0.000000 0.199514 0.364409 0.000000 0.050125 -0.000127 -0.000127 0.000000 0.000000 1.000000 0.004975 0.004975 0.004975 0.000000 0.000000 0.000000 1.000000 0.000000
354 0.000000 1.000000 0.000000 0.000000 0.000000 0.785392 0.000000 0.197412 1.846364 0.000000 0.199514 0.364526 0.000000 0.050125 -0.000127 -0.000127 0.000000 0.000000 1.000000 0.004975 0.004975 0.004975 0.000000 0.000000 0.000000 1.000000 0.000000
355 0.000000 1.000000 0.000000 0.000000 0.000000 0.800587 0.000000 0.197394 1.847154 0.000000 0.199514 0.364650 0.000000 0.050125 -0.000127 -0.000127 0.000000 0.000000 1.000000 0.004975 0.004975 0.004975 0.000000 0.000000 0.000000 1.000000 0.000000
356 0.000000 1.000000 0.000000 0.000000 0.000000 0.816672 0.000000 0.197377 1.847974 0.000000 0.199514 0.364779 0.000000 0.050125 -0.000127 -0.000127 0.000000 0.000000 1.000000 0.004975 0.004975 0.004975 0.000000 0.000000 0.000000 1.000000 0.000000
