0 0.000000 0.000000 0.000000 0.000000 13.871561 13.561630 0.000000 0.000000
0 0.000000 0.000000 0.000000 0.000000 13.828564 13.528610 0.000000 0.000000
0 0.000000 0.000000 0.000000 0.000000 13.808402 13.507072 0.000000 0.000000
0 0.000000 0.000000 0.000000 0.000000 13.788342 13.485635 0.000000 0.000000
0 0.000000 0.000000 0.000000 0.000000 13.768383 13.464299 0.000000 0.000000
0 0.000000 0.000000 0.000000 0.000000 13.748531 13.443068 0.000000 0.000000
0 0.000000 0.000000 0.000000 0.000000 13.728786 13.421940 0.000000 0.000000
0 0.000000 0.000000 0.000000 0.000000 13.709149 13.400922 0.000000 0.000000
0 0.000000 0.000000 0.000000 0.000000 13.689623 13.380013 0.000000 0.000000
0 0.000000 0.000000 0.000000 0.000000 13.670208 13.359214 0.000000 0.000000
0 0.000000 0.000000 0.000000 0.000000 13.650908 13.338529 0.000000 0.000000
0 0.000000 0.000000 0.000000 0.000000 13.631721 13.317959 0.000000 0.000000
0 0.000000 0.000000 0.000000 0.000000 13.612652 13.297505 0.000000 0.000000
0 0.000000 0.000000 0.000000 0.000000 13.593700 13.277170 0.000000 0.000000
0 0.000000 0.000000 0.000000 0.000000 13.574870 13.256958 0.000000 0.000000
0 0.000000 0.000000 0.000000 0.000000 13.556161 13.236867 0.000000 0.000000
0 0.000000 0.000000 0.000000 0.000000 13.537578 13.216899 0.000000 0.000000
0 0.000000 0.000000 0.000000 0.000000 13.519118 13.197060 0.000000 0.000000
0 0.000000 0.000000 0.000000 0.000000 13.500787 13.177349 0.000000 0.000000
0 0.000000 0.000000 0.000000 0.000000 13.489924 13.166544 0.000000 0.000000
0 0.000000 0.000000 0.000000 0.000000 13.479028 13.155705 0.000000 0.000000
0 0.000000 0.000000 0.000000 0.000000 13.468097 13.144831 0.000000 0.000000
0 0.000000 0.000000 0.000000 0.000000 13.457130 13.133922 0.000000 0.000000
0 0.000000 0.000000 0.000000 0.000000 13.446131 13.122978 0.000000 0.000000
0 0.000000 0.000000 0.000000 0.000000 13.435095 13.112000 0.000000 0.000000
0 0.000000 0.000000 0.000000 0.000000 13.424025 13.100988 0.000000 0.000000
0 0.000000 0.000000 0.000000 0.000000 13.412920 13.089940 0.000000 0.000000
0 0.000000 0.000000 0.000000 0.000000 13.401781 13.078856 0.000000 0.000000
0 0.000000 0.000000 0.000000 0.000000 13.390608 13.067740 0.000000 0.000000
0 0.000000 0.000000 0.000000 0.000000 13.379399 13.056589 0.000000 0.000000
0 0.000000 0.000000 0.000000 0.000000 13.368156 13.045403 0.000000 0.000000
0 0.000000 0.000000 0.000000 0.000000 13.356879 13.034182 0.000000 0.000000
0 0.000000 0.000000 0.000000 0.000000 13.345569 13.022927 0.000000 0.000000
0 0.000000 0.000000 0.000000 0.000000 13.334220 13.011639 0.000000 0.000000
0 0.000000 0.000000 0.000000 0.000000 13.322840 13.000314 0.000000 0.000000
0 0.000000 0.000000 0.000000 0.000000 13.311424 12.988955 0.000000 0.000000
0 0.000000 0.000000 0.000000 0.000000 13.299975 12.977562 0.000000 0.000000
0 0.000000 0.000000 0.000000 0.000000 13.288489 12.966133 0.000000 0.000000
0 0.000000 0.000000 0.000000 0.000000 13.276969 12.954670 0.000000 0.000000
0 0.000000 0.000000 0.000000 0.000000 13.265415 12.943171 0.000000 0.000000
0 0.000000 0.000000 0.000000 0.000000 13.253825 12.931638 0.000000 0.000000
0 0.000000 0.000000 0.000000 0.000000 13.242199 12.920069 0.000000 0.000000
0 0.000000 0.000000 0.000000 0.000000 13.230540 12.908465 0.000000 0.000000
0 0.000000 0.000000 0.000000 0.000000 13.218845 12.896827 0.000000 0.000000
0 0.000000 0.000000 0.000000 0.000000 13.218832 12.896812 0.000000 0.000000
0 0.000000 0.000000 0.000000 0.000000 13.218821 12.896800 0.000000 0.000000
0 0.000000 0.000000 0.000000 0.000000 13.218808 12.896788 0.000000 0.000000
0 0.000000 0.000000 0.000000 0.000000 13.218797 12.896775 0.000000 0.000000
0 0.000000 0.000000 0.000000 0.000000 13.218786 12.896765 0.000000 0.000000
0 0.000000 0.000000 0.000000 0.000000 13.218776 12.896752 0.000000 0.000000
0 0.000000 0.000000 0.000000 0.000000 13.218766 12.896743 0.000000 0.000000
0 0.000000 0.000000 0.000000 0.000000 13.218759 12.896733 0.000000 0.000000
0 0.000000 0.000000 0.000000 0.000000 13.218750 12.896724 0.000000 0.000000
0 0.000000 0.000000 0.000000 0.000000 13.218741 12.896716 0.000000 0.000000
0 0.000000 0.000000 0.000000 0.000000 13.218734 12.896707 0.000000 0.000000
0 0.000000 0.000000 0.000000 0.000000 13.218727 12.896699 0.000000 0.000000
0 0.000000 0.000000 0.000000 0.000000 13.218719 12.896691 0.000000 0.000000
0 0.000000 0.000000 0.000000 0.000000 13.218714 12.896685 0.000000 0.000000
0 0.000000 0.000000 0.000000 0.000000 13.218706 12.896679 0.000000 0.000000
0 0.000000 0.000000 0.000000 0.000000 13.218701 12.896672 0.000000 0.000000
0 0.000000 0.000000 0.000000 0.000000 13.218698 12.896667 0.000000 0.000000
0 0.000000 0.000000 0.000000 0.000000 13.218693 12.896662 0.000000 0.000000
0 0.000000 0.000000 0.000000 0.000000 13.218687 12.896657 0.000000 0.000000
0 0.000000 0.000000 0.000000 0.000000 13.218684 12.896652 0.000000 0.000000
0 0.000000 0.000000 0.000000 0.000000 13.218679 12.896649 0.000000 0.000000
0 0.000000 0.000000 0.000000 0.000000 13.218676 12.896645 0.000000 0.000000
0 0.000000 0.000000 0.000000 0.000000 13.218673 12.896641 0.000000 0.000000
0 0.000000 0.000000 0.000000 0.000000 13.218670 12.896637 0.000000 0.000000
0 0.000000 0.000000 0.000000 0.000000 13.218665 12.896634 0.000000 0.000000
0 0.000000 0.000000 0.000000 0.000000 13.218662 12.896630 0.000000 0.000000
0 0.000000 0.000000 0.000000 0.000000 13.218659 12.896627 0.000000 0.000000
0 0.000000 0.000000 0.000000 0.000000 13.218657 12.896626 0.000000 0.000000
0 0.000000 0.000000 0.000000 0.000000 13.218655 12.896623 0.000000 0.000000
0 0.000000 0.000000 0.000000 0.000000 13.218654 12.896621 0.000000 0.000000
0 0.000000 0.000000 0.000000 0.000000 13.218652 12.896620 0.000000 0.000000
0 0.000000 0.000000 0.000000 0.000000 13.218651 12.896618 0.000000 0.000000
0 0.000000 0.000000 0.000000 0.000000 13.218651 12.896618 0.000000 0.000000
0 0.000000 0.000000 0.000000 0.000000 13.218649 12.896616 0.000000 0.000000
0 0.000000 0.000000 0.000000 0.000000 13.218649 12.896615 0.000000 0.000000
0 0.000000 0.000000 0.000000 0.000000 13.218648 12.896615 0.000000 0.000000
0 0.000000 0.000000 0.000000 0.000000 13.218648 12.896613 0.000000 0.000000
0 0.000000 0.000000 0.000000 0.000000 13.218646 12.896613 0.000000 0.000000
0 0.000000 0.000000 0.000000 0.000000 13.218646 12.896613 0.000000 0.000000
0 0.000000 0.000000 0.000000 0.000000 13.218646 12.896612 0.000000 0.000000
0 0.000000 0.000000 0.000000 0.000000 13.218646 12.896612 0.000000 0.000000
0 0.000000 0.000000 0.000000 0.000000 13.218645 12.896611 0.000000 0.000000
0 0.000000 0.000000 0.000000 0.000000 13.218645 12.896611 0.000000 0.000000
0 0.000000 0.000000 0.000000 0.000000 13.218645 12.896610 0.000000 0.000000
0 0.000000 0.000000 0.000000 0.000000 13.218644 12.896610 0.000000 0.000000
0 0.000000 0.000000 0.000000 0.000000 13.218644 12.896610 0.000000 0.000000
0 0.000000 0.000000 0.000000 0.000000 13.218644 12.896610 0.000000 0.000000
0 0.000000 0.000000 0.000000 0.000000 13.218644 12.896610 0.000000 0.000000
0 0.000000 0.000000 0.000000 0.000000 13.218644 12.896610 0.000000 0.000000
0 0.000000 0.000000 0.000000 0.000000 13.218644 12.896610 0.000000 0.000000
0 0.000000 0.000000 0.000000 0.000000 13.218644 12.896610 0.000000 0.000000
0 0.000000 0.000000 0.000000 0.000000 13.218644 12.896610 0.000000 0.000000
0 0.000000 0.000000 0.000000 0.000000 13.218644 12.896610 0.000000 0.000000
0 0.000000 0.000000 0.000000 0.000000 13.218644 12.896610 0.000000 0.000000
0 0.000000 0.000000 0.000000 0.000000 13.218644 12.896610 0.000000 0.000000
0 0.000000 0.000000 0.000000 0.000000 13.218644 12.896610 0.000000 0.000000
0 0.000000 0.000000 0.000000 0.000000 13.218645 12.896610 0.000000 0.000000
0 0.000000 0.000000 0.000000 0.000000 13.187643 12.881815 0.000000 0.000000
0 0.000000 0.000000 0.000000 0.000000 13.187643 12.881815 0.000000 0.000000
0 0.000000 0.000000 0.000000 0.000000 13.187644 12.881815 0.000000 0.000000
0 0.000000 0.000000 0.000000 0.000000 13.187644 12.881816 0.000000 0.000000
0 0.000000 0.000000 0.000000 0.000000 13.187644 12.881816 0.000000 0.000000
0 0.000000 0.000000 0.000000 0.000000 13.187644 12.881817 0.000000 0.000000
0 0.000000 0.000000 0.000000 0.000000 13.187644 12.881817 0.000000 0.000000
0 0.000000 0.000000 0.000000 0.000000 13.187644 12.881817 0.000000 0.000000
0 0.000000 0.000000 0.000000 0.000000 13.187644 12.881817 0.000000 0.000000
0 0.000000 0.000000 0.000000 0.000000 13.187644 12.881817 0.000000 0.000000
0 0.000000 0.000000 0.000000 0.000000 13.187646 12.881817 0.000000 0.000000
0 0.000000 0.000000 0.000000 0.000000 13.187646 12.881817 0.000000 0.000000
0 0.000000 0.000000 0.000000 0.000000 13.187646 12.881819 0.000000 0.000000
0 0.000000 0.000000 0.000000 0.000000 13.187646 12.881819 0.000000 0.000000
0 0.000000 0.000000 0.000000 0.000000 13.187646 12.881819 0.000000 0.000000
0 0.000000 0.000000 0.000000 0.000000 13.187647 12.881819 0.000000 0.000000
0 0.000000 0.000000 0.000000 0.000000 13.187647 12.881819 0.000000 0.000000
0 0.000000 0.000000 0.000000 0.000000 13.187647 12.881819 0.000000 0.000000
0 0.000000 0.000000 0.000000 0.000000 13.187647 12.881819 0.000000 0.000000
0 0.000000 0.000000 0.000000 0.000000 13.187647 12.881820 0.000000 0.000000
0 0.000000 0.000000 0.000000 0.000000 13.187647 12.881820 0.000000 0.000000
0 0.000000 0.000000 0.000000 0.000000 13.187647 12.881820 0.000000 0.000000
0 0.000000 0.000000 0.000000 0.000000 13.187647 12.881821 0.000000 0.000000
0 0.000000 0.000000 0.000000 0.000000 13.187649 12.881821 0.000000 0.000000
0 0.000000 0.000000 0.000000 0.000000 13.187649 12.881822 0.000000 0.000000
0 0.000000 0.000000 0.000000 0.000000 13.187649 12.881822 0.000000 0.000000
0 0.000000 0.000000 0.000000 0.000000 13.187649 12.881822 0.000000 0.000000
0 0.000000 0.000000 0.000000 0.000000 13.187649 12.881822 0.000000 0.000000
0 0.000000 0.000000 0.000000 0.000000 13.187649 12.881822 0.000000 0.000000
0 0.000000 0.000000 0.000000 0.000000 13.187649 12.881822 0.000000 0.000000
0 0.000000 0.000000 0.000000 0.000000 13.187649 12.881822 0.000000 0.000000
0 0.000000 0.000000 0.000000 0.000000 13.187649 12.881822 0.000000 0.000000
0 0.000000 0.000000 0.000000 0.000000 13.187649 12.881822 0.000000 0.000000
0 0.000000 0.000000 0.000000 0.000000 13.187649 12.881822 0.000000 0.000000
0 0.000000 0.000000 0.000000 0.000000 13.187649 12.881822 0.000000 0.000000
0 0.000000 0.000000 0.000000 0.000000 13.187649 12.881822 0.000000 0.000000
0 0.000000 0.000000 0.000000 0.000000 13.187649 12.881822 0.000000 0.000000
0 0.000000 0.000000 0.000000 0.000000 13.187649 12.881822 0.000000 0.000000
0 0.000000 0.000000 0.000000 0.000000 13.187649 12.881822 0.000000 0.000000
0 0.000000 0.000000 0.000000 0.000000 13.187649 12.881822 0.000000 0.000000
0 0.000000 0.000000 0.000000 0.000000 13.187649 12.881822 0.000000 0.000000
0 0.000000 0.000000 0.000000 0.000000 13.187649 12.881822 0.000000 0.000000
0 0.000000 0.000000 0.000000 0.000000 13.187649 12.881822 0.000000 0.000000
0 0.000000 0.000000 0.000000 0.000000 13.187649 12.881822 0.000000 0.000000
0 0.000000 0.000000 0.000000 0.000000 13.187649 12.881822 0.000000 0.000000
0 0.000000 0.000000 0.000000 0.000000 13.187649 12.881822 0.000000 0.000000
0 0.000000 0.000000 0.000000 0.000000 13.187649 12.881822 0.000000 0.000000
0 0.000000 0.000000 0.000000 0.000000 13.187649 12.881822 0.000000 0.000000
0 0.000000 0.000000 0.000000 0.000000 13.187649 12.881822 0.000000 0.000000
0 0.000000 0.000000 0.000000 0.000000 13.187649 12.881822 0.000000 0.000000
0 0.000000 0.000000 0.000000 0.000000 13.187649 12.881822 0.000000 0.000000
0 0.000000 0.000000 0.000000 0.000000 13.187649 12.881822 0.000000 0.000000
0 0.000000 0.000000 0.000000 0.000000 13.187649 12.881822 0.000000 0.000000
0 0.000000 0.000000 0.000000 0.000000 13.187649 12.881822 0.000000 0.000000
0 0.000000 0.000000 0.000000 0.000000 13.187649 12.881822 0.000000 0.000000
0 0.000000 0.000000 0.000000 0.000000 13.187649 12.881822 0.000000 0.000000
0 0.000000 0.000000 0.000000 0.000000 13.187649 12.881822 0.000000 0.000000
0 0.000000 0.000000 0.000000 0.000000 13.187649 12.881822 0.000000 0.000000
0 0.000000 0.000000 0.000000 0.000000 13.187649 12.881822 0.000000 0.000000
0 0.000000 0.000000 0.000000 0.000000 13.187649 12.881822 0.000000 0.000000
0 0.000000 0.000000 0.000000 0.000000 13.187649 12.881822 0.000000 0.000000
0 0.000000 0.000000 0.000000 0.000000 13.187649 12.881822 0.000000 0.000000
0 0.000000 0.000000 0.000000 0.000000 13.187649 12.881822 0.000000 0.000000
0 0.000000 0.000000 0.000000 0.000000 13.187649 12.881822 0.000000 0.000000
0 0.000000 0.000000 0.000000 0.000000 13.187649 12.881822 0.000000 0.000000
0 0.000000 0.000000 0.000000 0.000000 13.187649 12.881822 0.000000 0.000000
0 0.000000 0.000000 0.000000 0.000000 13.187649 12.881822 0.000000 0.000000
0 0.000000 0.000000 0.000000 0.000000 13.187649 12.881822 0.000000 0.000000
0 0.000000 0.000000 0.000000 0.000000 13.187649 12.881822 0.000000 0.000000
0 0.000000 0.000000 0.000000 0.000000 13.187649 12.881822 0.000000 0.000000
0 0.000000 0.000000 0.000000 0.000000 13.187649 12.881822 0.000000 0.000000
0 0.000000 0.000000 0.000000 0.000000 13.187649 12.881822 0.000000 0.000000
0 0.000000 0.000000 0.000000 0.000000 13.187649 12.881822 0.000000 0.000000
0 0.000000 0.000000 0.000000 0.000000 13.187649 12.881822 0.000000 0.000000
0 0.000000 0.000000 0.000000 0.000000 13.187649 12.881822 0.000000 0.000000
0 0.000000 0.000000 0.000000 0.000000 13.187649 12.881822 0.000000 0.000000
0 0.000000 0.000000 0.000000 0.000000 13.187649 12.881822 0.000000 0.000000
0 0.000000 0.000000 0.000000 0.000000 13.187649 12.881822 0.000000 0.000000
0 0.000000 0.000000 0.000000 0.000000 13.187649 12.881822 0.000000 0.000000
0 0.000000 0.000000 0.000000 0.000000 13.187649 12.881822 0.000000 0.000000
0 0.000000 0.000000 0.000000 0.000000 13.187649 12.881822 0.000000 0.000000
0 0.000000 0.000000 0.000000 0.000000 13.187649 12.881822 0.000000 0.000000
0 0.000000 0.000000 0.000000 0.000000 13.187649 12.881822 0.000000 0.000000
0 0.000000 0.000000 0.000000 0.000000 13.187649 12.881822 0.000000 0.000000
0 0.000000 0.000000 0.000000 0.000000 13.187649 12.881822 0.000000 0.000000
0 0.000000 0.000000 0.000000 0.000000 13.187649 12.881822 0.000000 0.000000
0 0.000000 0.000000 0.000000 0.000000 13.187649 12.881822 0.000000 0.000000
0 0.000000 0.000000 0.000000 0.000000 13.187649 12.881822 0.000000 0.000000
0 0.000000 0.000000 0.000000 0.000000 13.187649 12.881822 0.000000 0.000000
0 0.000000 0.000000 0.000000 0.000000 13.187649 12.881822 0.000000 0.000000
0 0.000000 0.000000 0.000000 0.000000 13.187649 12.881822 0.000000 0.000000
0 0.000000 0.000000 0.000000 0.000000 13.187649 12.881822 0.000000 0.000000
0 0.000000 0.000000 0.000000 0.000000 13.187649 12.881822 0.000000 0.000000
0 0.000000 0.000000 0.000000 0.000000 13.187649 12.881822 0.000000 0.000000
0 0.000000 0.000000 0.000000 0.000000 13.187649 12.881822 0.000000 0.000000
0 0.000000 0.000000 0.000000 0.000000 13.187649 12.881822 0.000000 0.000000
0 0.000000 0.000000 0.000000 0.000000 13.187649 12.881822 0.000000 0.000000
0 0.000000 0.000000 0.000000 0.000000 13.187649 12.881822 0.000000 0.000000
0 0.000000 0.000000 0.000000 0.000000 13.178222 12.870653 0.000000 0.000000
0 0.000000 0.000000 0.000000 0.000000 13.168890 12.859587 0.000000 0.000000
0 0.000000 0.000000 0.000000 0.000000 13.178143 12.857853 0.000000 0.000000
0 0.000000 0.000000 0.000000 0.000000 13.169697 12.847787 0.000000 0.000000
0 0.000000 0.000000 0.000000 0.000000 13.161350 12.837831 0.000000 0.000000
0 0.000000 0.000000 0.000000 0.000000 13.153107 12.827988 0.000000 0.000000
0 0.000000 0.000000 0.000000 0.000000 13.144961 12.818259 0.000000 0.000000
0 0.000000 0.000000 0.000000 0.000000 13.136921 12.808644 0.000000 0.000000
0 0.000000 0.000000 0.000000 0.000000 13.128981 12.799144 0.000000 0.000000
0 0.000000 0.000000 0.000000 0.000000 13.121146 12.789762 0.000000 0.000000
0 0.000000 0.000000 0.000000 0.000000 13.113413 12.780494 0.000000 0.000000
0 0.000000 0.000000 0.000000 0.000000 13.105784 12.771345 0.000000 0.000000
0 0.000000 0.000000 0.000000 0.000000 13.098263 12.762315 0.000000 0.000000
0 0.000000 0.000000 0.000000 0.000000 13.090847 12.753406 0.000000 0.000000
0 0.000000 0.000000 0.000000 0.000000 13.083537 12.744617 0.000000 0.000000
0 0.000000 0.000000 0.000000 0.000000 13.076335 12.735950 0.000000 0.000000
0 0.000000 0.000000 0.000000 0.000000 13.069242 12.727407 0.000000 0.000000
0 0.000000 0.000000 0.000000 0.000000 13.062256 12.718986 0.000000 0.000000
0 0.000000 0.000000 0.000000 0.000000 13.055381 12.710690 0.000000 0.000000
0 0.000000 0.000000 0.000000 0.000000 13.048616 12.702520 0.000000 0.000000
0 0.000000 0.000000 0.000000 0.000000 13.041962 12.694475 0.000000 0.000000
0 0.000000 0.000000 0.000000 0.000000 13.035417 12.686559 0.000000 0.000000
0 0.000000 0.000000 0.000000 0.000000 13.028986 12.678771 0.000000 0.000000
0 0.000000 0.000000 0.000000 0.000000 13.028986 12.678771 0.000000 0.000000
0 0.000000 0.000000 0.000000 0.000000 13.028986 12.678771 0.000000 0.000000
0 0.000000 0.000000 0.000000 0.000000 13.028986 12.678771 0.000000 0.000000
0 0.000000 0.000000 0.000000 0.000000 13.028986 12.678771 0.000000 0.000000
0 0.000000 0.000000 0.000000 0.000000 13.028986 12.678771 0.000000 0.000000
0 0.000000 0.000000 0.000000 0.000000 13.028986 12.678771 0.000000 0.000000
0 0.000000 0.000000 0.000000 0.000000 13.028986 12.678771 0.000000 0.000000
0 0.000000 0.000000 0.000000 0.000000 13.028986 12.678771 0.000000 0.000000
0 0.000000 0.000000 0.000000 0.000000 13.028986 12.678771 0.000000 0.000000
0 0.000000 0.000000 0.000000 0.000000 13.028986 12.678771 0.000000 0.000000
0 0.000000 0.000000 0.000000 0.000000 13.028986 12.678771 0.000000 0.000000
0 0.000000 0.000000 0.000000 0.000000 13.028986 12.678771 0.000000 0.000000
0 0.000000 0.000000 0.000000 0.000000 13.028986 12.678771 0.000000 0.000000
0 0.000000 0.000000 0.000000 0.000000 13.028986 12.678771 0.000000 0.000000
0 0.000000 0.000000 0.000000 0.000000 13.028986 12.678771 0.000000 0.000000
0 0.000000 0.000000 0.000000 0.000000 13.028986 12.678771 0.000000 0.000000
0 0.000000 0.000000 0.000000 0.000000 13.028986 12.678771 0.000000 0.000000
0 0.000000 0.000000 0.000000 0.000000 13.028986 12.678771 0.000000 0.000000
0 0.000000 0.000000 0.000000 0.000000 13.028986 12.678771 0.000000 0.000000
0 0.000000 0.000000 0.000000 0.000000 13.028986 12.678771 0.000000 0.000000
0 0.000000 0.000000 0.000000 0.000000 13.028986 12.678771 0.000000 0.000000
0 0.000000 0.000000 0.000000 0.000000 13.028986 12.678771 0.000000 0.000000
0 0.000000 0.000000 0.000000 0.000000 13.028986 12.678771 0.000000 0.000000
0 0.000000 0.000000 0.000000 0.000000 13.028986 12.678771 0.000000 0.000000
0 0.000000 0.000000 0.000000 0.000000 13.028986 12.678771 0.000000 0.000000
0 0.000000 0.000000 0.000000 0.000000 13.028986 12.678771 0.000000 0.000000
0 0.000000 0.000000 0.000000 0.000000 13.028986 12.678771 0.000000 0.000000
0 0.000000 0.000000 0.000000 0.000000 13.028986 12.678771 0.000000 0.000000
0 0.000000 0.000000 0.000000 0.000000 13.028986 12.678771 0.000000 0.000000
0 0.000000 0.000000 0.000000 0.000000 13.028986 12.678771 0.000000 0.000000
0 0.000000 0.000000 0.000000 0.000000 13.028986 12.678771 0.000000 0.000000
0 0.000000 0.000000 0.000000 0.000000 13.028986 12.678771 0.000000 0.000000
0 0.000000 0.000000 0.000000 0.000000 13.028986 12.678771 0.000000 0.000000
0 0.000000 0.000000 0.000000 0.000000 13.028986 12.678771 0.000000 0.000000
0 0.000000 0.000000 0.000000 0.000000 13.028986 12.678771 0.000000 0.000000
0 0.000000 0.000000 0.000000 0.000000 13.028986 12.678771 0.000000 0.000000
0 0.000000 0.000000 0.000000 0.000000 13.028986 12.678771 0.000000 0.000000
0 0.000000 0.000000 0.000000 0.000000 13.028986 12.678771 0.000000 0.000000
0 0.000000 0.000000 0.000000 0.000000 13.028986 12.678771 0.000000 0.000000
0 0.000000 0.000000 0.000000 0.000000 13.028986 12.678771 0.000000 0.000000
0 0.000000 0.000000 0.000000 0.000000 13.028986 12.678771 0.000000 0.000000
0 0.000000 0.000000 0.000000 0.000000 13.028986 12.678771 0.000000 0.000000
0 0.000000 0.000000 0.000000 0.000000 13.028986 12.678771 0.000000 0.000000
0 0.000000 0.000000 0.000000 0.000000 13.028986 12.678771 0.000000 0.000000
0 0.000000 0.000000 0.000000 0.000000 13.028986 12.678771 0.000000 0.000000
0 0.000000 0.000000 0.000000 0.000000 13.028986 12.678771 0.000000 0.000000
0 0.000000 0.000000 0.000000 0.000000 13.028986 12.678771 0.000000 0.000000
0 0.000000 0.000000 0.000000 0.000000 13.028986 12.678771 0.000000 0.000000
0 0.000000 0.000000 0.000000 0.000000 13.028986 12.678771 0.000000 0.000000
0 0.000000 0.000000 0.000000 0.000000 13.028986 12.678771 0.000000 0.000000
0 0.000000 0.000000 0.000000 0.000000 13.028986 12.678771 0.000000 0.000000
0 0.000000 0.000000 0.000000 0.000000 13.028986 12.678771 0.000000 0.000000
0 0.000000 0.000000 0.000000 0.000000 13.028986 12.678771 0.000000 0.000000
0 0.000000 0.000000 0.000000 0.000000 13.028986 12.678771 0.000000 0.000000
0 0.000000 0.000000 0.000000 0.000000 13.028986 12.678771 0.000000 0.000000
0 0.000000 0.000000 0.000000 0.000000 13.028986 12.678771 0.000000 0.000000
0 0.000000 0.000000 0.000000 0.000000 13.028986 12.678771 0.000000 0.000000
0 0.000000 0.000000 0.000000 0.000000 13.028986 12.678771 0.000000 0.000000
0 0.000000 0.000000 0.000000 0.000000 13.028986 12.678771 0.000000 0.000000
0 0.000000 0.000000 0.000000 0.000000 13.028986 12.678771 0.000000 0.000000
0 0.000000 0.000000 0.000000 0.000000 13.028986 12.678771 0.000000 0.000000
0 0.000000 0.000000 0.000000 0.000000 13.028986 12.678771 0.000000 0.000000
0 0.000000 0.000000 0.000000 0.000000 13.028986 12.678771 0.000000 0.000000
0 0.000000 0.000000 0.000000 0.000000 13.028986 12.678771 0.000000 0.000000
0 0.000000 0.000000 0.000000 0.000000 13.028986 12.678771 0.000000 0.000000
0 0.000000 0.000000 0.000000 0.000000 13.028986 12.678771 0.000000 0.000000
0 0.000000 0.000000 0.000000 0.000000 13.028986 12.678771 0.000000 0.000000
0 0.000000 0.000000 0.000000 0.000000 13.028986 12.678771 0.000000 0.000000
0 0.000000 0.000000 0.000000 0.000000 13.028986 12.678771 0.000000 0.000000
0 0.000000 0.000000 0.000000 0.000000 13.028986 12.678771 0.000000 0.000000
0 0.000000 0.000000 0.000000 0.000000 13.028986 12.678771 0.000000 0.000000
0 0.000000 0.000000 0.000000 0.000000 13.028986 12.678771 0.000000 0.000000
0 0.000000 0.000000 0.000000 0.000000 13.028986 12.678771 0.000000 0.000000
0 0.000000 0.000000 0.000000 0.000000 13.028986 12.678771 0.000000 0.000000
0 0.000000 0.000000 0.000000 0.000000 13.028986 12.678771 0.000000 0.000000
0 0.000000 0.000000 0.000000 0.000000 13.028986 12.678771 0.000000 0.000000
0 0.000000 0.000000 0.000000 0.000000 13.028986 12.678771 0.000000 0.000000
0 0.000000 0.000000 0.000000 0.000000 13.028986 12.678771 0.000000 0.000000
0 0.000000 0.000000 0.000000 0.000000 13.028986 12.678771 0.000000 0.000000
0 0.000000 0.000000 0.000000 0.000000 12.999269 12.661361 0.000000 0.000000
0 0.000000 0.000000 0.000000 0.000000 12.999269 12.661361 0.000000 0.000000
0 0.000000 0.000000 0.000000 0.000000 12.999269 12.661361 0.000000 0.000000
0 0.000000 0.000000 0.000000 0.000000 12.999269 12.661361 0.000000 0.000000
0 0.000000 0.000000 0.000000 0.000000 12.999269 12.661361 0.000000 0.000000
0 0.000000 0.000000 0.000000 0.000000 12.999269 12.661361 0.000000 0.000000
0 0.000000 0.000000 0.000000 0.000000 12.999269 12.661361 0.000000 0.000000
0 0.000000 0.000000 0.000000 0.000000 12.999269 12.661361 0.000000 0.000000
0 0.000000 0.000000 0.000000 0.000000 12.999269 12.661361 0.000000 0.000000
0 0.000000 0.000000 0.000000 0.000000 12.999269 12.661361 0.000000 0.000000
0 0.000000 0.000000 0.000000 0.000000 12.999269 12.661361 0.000000 0.000000
0 0.000000 0.000000 0.000000 0.000000 12.999269 12.661361 0.000000 0.000000
0 0.000000 0.000000 0.000000 0.000000 12.999269 12.661361 0.000000 0.000000
0 0.000000 0.000000 0.000000 0.000000 12.999269 12.661361 0.000000 0.000000
0 0.000000 0.000000 0.000000 0.000000 12.999269 12.661361 0.000000 0.000000
0 0.000000 0.000000 0.000000 0.000000 12.999269 12.661361 0.000000 0.000000
0 0.000000 0.000000 0.000000 0.000000 12.999269 12.661361 0.000000 0.000000
0 0.000000 0.000000 0.000000 0.000000 12.999269 12.661361 0.000000 0.000000
0 0.000000 0.000000 0.000000 0.000000 12.999269 12.661361 0.000000 0.000000
0 0.000000 0.000000 0.000000 0.000000 12.999269 12.661361 0.000000 0.000000
0 0.000000 0.000000 0.000000 0.000000 12.999269 12.661361 0.000000 0.000000
0 0.000000 0.000000 0.000000 0.000000 12.999269 12.661361 0.000000 0.000000
0 0.000000 0.000000 0.000000 0.000000 12.999269 12.661361 0.000000 0.000000
0 0.000000 0.000000 0.000000 0.000000 12.999269 12.661361 0.000000 0.000000
0 0.000000 0.000000 0.000000 0.000000 12.999269 12.661361 0.000000 0.000000
0 0.000000 0.000000 0.000000 0.000000 12.999269 12.661361 0.000000 0.000000
0 0.000000 0.000000 0.000000 0.000000 12.999269 12.661361 0.000000 0.000000
0 0.000000 0.000000 0.000000 0.000000 12.999269 12.661361 0.000000 0.000000
0 0.000000 0.000000 0.000000 0.000000 12.999269 12.661361 0.000000 0.000000
0 0.000000 0.000000 0.000000 0.000000 12.999269 12.661361 0.000000 0.000000
0 0.000000 0.000000 0.000000 0.000000 12.999269 12.661361 0.000000 0.000000
0 0.000000 0.000000 0.000000 0.000000 12.999269 12.661361 0.000000 0.000000
0 0.000000 0.000000 0.000000 0.000000 12.999269 12.661361 0.000000 0.000000
0 0.000000 0.000000 0.000000 0.000000 12.999269 12.661361 0.000000 0.000000
0 0.000000 0.000000 0.000000 0.000000 12.999269 12.661361 0.000000 0.000000
0 0.000000 0.000000 0.000000 0.000000 12.999269 12.661361 0.000000 0.000000
0 0.000000 0.000000 0.000000 0.000000 12.999269 12.661361 0.000000 0.000000
0 0.000000 0.000000 0.000000 0.000000 12.999269 12.661361 0.000000 0.000000
0 0.000000 0.000000 0.000000 0.000000 12.999269 12.661361 0.000000 0.000000
0 0.000000 0.000000 0.000000 0.000000 12.999269 12.661361 0.000000 0.000000
0 0.000000 0.000000 0.000000 0.000000 12.999269 12.661361 0.000000 0.000000
0 0.000000 0.000000 0.000000 0.000000 12.999269 12.661361 0.000000 0.000000
0 0.000000 0.000000 0.000000 0.000000 12.999269 12.661361 0.000000 0.000000
0 0.000000 0.000000 0.000000 0.000000 12.999269 12.661361 0.000000 0.000000
0 0.000000 0.000000 0.000000 0.000000 12.999269 12.661361 0.000000 0.000000
0 0.000000 0.000000 0.000000 0.000000 12.999269 12.661361 0.000000 0.000000
0 0.000000 0.000000 0.000000 0.000000 12.999269 12.661361 0.000000 0.000000
0 0.000000 0.000000 0.000000 0.000000 12.999269 12.661361 0.000000 0.000000
0 0.000000 0.000000 0.000000 0.000000 12.999269 12.661361 0.000000 0.000000
0 0.000000 0.000000 0.000000 0.000000 12.999269 12.661361 0.000000 0.000000
0 0.000000 0.000000 0.000000 0.000000 12.999269 12.661361 0.000000 0.000000
0 0.000000 0.000000 0.000000 0.000000 12.999269 12.661361 0.000000 0.000000
0 0.000000 0.000000 0.000000 0.000000 12.999269 12.661361 0.000000 0.000000
0 0.000000 0.000000 0.000000 0.000000 12.999269 12.661361 0.000000 0.000000
0 0.000000 0.000000 0.000000 0.000000 12.999269 12.661361 0.000000 0.000000
0 0.000000 0.000000 0.000000 0.000000 12.999269 12.661361 0.000000 0.000000
0 0.000000 0.000000 0.000000 0.000000 12.999269 12.661361 0.000000 0.000000
0 0.000000 0.000000 0.000000 0.000000 12.999269 12.661361 0.000000 0.000000
0 0.000000 0.000000 0.000000 0.000000 12.999269 12.661361 0.000000 0.000000
0 0.000000 0.000000 0.000000 0.000000 12.999269 12.661361 0.000000 0.000000
0 0.000000 0.000000 0.000000 0.000000 12.999269 12.661361 0.000000 0.000000
0 0.000000 0.000000 0.000000 0.000000 12.999269 12.661361 0.000000 0.000000
0 0.000000 0.000000 0.000000 0.000000 12.999269 12.661361 0.000000 0.000000
0 0.000000 0.000000 0.000000 0.000000 12.999269 12.661361 0.000000 0.000000
0 0.000000 0.000000 0.000000 0.000000 12.999269 12.661361 0.000000 0.000000
0 0.000000 0.000000 0.000000 0.000000 12.999269 12.661361 0.000000 0.000000
0 0.000000 0.000000 0.000000 0.000000 12.999269 12.661361 0.000000 0.000000
0 0.000000 0.000000 0.000000 0.000000 12.999269 12.661361 0.000000 0.000000
0 0.000000 0.000000 0.000000 0.000000 12.999269 12.661361 0.000000 0.000000
0 0.000000 0.000000 0.000000 0.000000 12.999269 12.661361 0.000000 0.000000
0 0.000000 0.000000 0.000000 0.000000 12.999269 12.661361 0.000000 0.000000
0 0.000000 0.000000 0.000000 0.000000 12.999269 12.661361 0.000000 0.000000
0 0.000000 0.000000 0.000000 0.000000 12.999269 12.661361 0.000000 0.000000
0 0.000000 0.000000 0.000000 0.000000 12.999269 12.661361 0.000000 0.000000
0 0.000000 0.000000 0.000000 0.000000 12.999269 12.661361 0.000000 0.000000
0 0.000000 0.000000 0.000000 0.000000 12.999269 12.661361 0.000000 0.000000
0 0.000000 0.000000 0.000000 0.000000 12.999269 12.661361 0.000000 0.000000
0 0.000000 0.000000 0.000000 0.000000 12.999269 12.661361 0.000000 0.000000
0 0.000000 0.000000 0.000000 0.000000 12.999269 12.661361 0.000000 0.000000
0 0.000000 0.000000 0.000000 0.000000 12.999269 12.661361 0.000000 0.000000
0 0.000000 0.000000 0.000000 0.000000 12.999269 12.661361 0.000000 0.000000
0 0.000000 0.000000 0.000000 0.000000 12.999269 12.661361 0.000000 0.000000
0 0.000000 0.000000 0.000000 0.000000 12.999269 12.661361 0.000000 0.000000
0 0.000000 0.000000 0.000000 0.000000 12.999269 12.661361 0.000000 0.000000
0 0.000000 0.000000 0.000000 0.000000 12.999269 12.661361 0.000000 0.000000
0 0.000000 0.000000 0.000000 0.000000 12.999269 12.661361 0.000000 0.000000
0 0.000000 0.000000 0.000000 0.000000 12.999269 12.661361 0.000000 0.000000
0 0.000000 0.000000 0.000000 0.000000 12.999269 12.661361 0.000000 0.000000
0 0.000000 0.000000 0.000000 0.000000 12.999269 12.661361 0.000000 0.000000
0 0.000000 0.000000 0.000000 0.000000 12.999269 12.661361 0.000000 0.000000
0 0.000000 0.000000 0.000000 0.000000 12.999269 12.661361 0.000000 0.000000
0 0.000000 0.000000 0.000000 0.000000 12.999269 12.661361 0.000000 0.000000
0 0.000000 0.000000 0.000000 0.000000 12.999269 12.661361 0.000000 0.000000
0 0.000000 0.000000 0.000000 0.000000 12.999269 12.661361 0.000000 0.000000
0 0.000000 0.000000 0.000000 0.000000 12.999269 12.661361 0.000000 0.000000
0 0.000000 0.000000 0.000000 0.000000 12.999269 12.661361 0.000000 0.000000
0 0.000000 0.000000 0.000000 0.000000 12.999269 12.661361 0.000000 0.000000
0 0.000000 0.000000 0.000000 0.000000 12.999269 12.661361 0.000000 0.000000
0 0.000000 0.000000 0.000000 0.000000 12.999269 12.661361 0.000000 0.000000
0 0.000000 0.000000 0.000000 0.000000 12.999269 12.661361 0.000000 0.000000
0 0.000000 0.000000 0.000000 0.000000 12.979597 12.650852 0.000000 0.000000
0 0.000000 0.000000 0.000000 0.000000 12.979597 12.650852 0.000000 0.000000
0 0.000000 0.000000 0.000000 0.000000 12.979597 12.650852 0.000000 0.000000
0 0.000000 0.000000 0.000000 0.000000 12.979597 12.650852 0.000000 0.000000
0 0.000000 0.000000 0.000000 0.000000 12.979597 12.650852 0.000000 0.000000
0 0.000000 0.000000 0.000000 0.000000 12.979597 12.650852 0.000000 0.000000
0 0.000000 0.000000 0.000000 0.000000 12.979597 12.650852 0.000000 0.000000
0 0.000000 0.000000 0.000000 0.000000 12.979597 12.650852 0.000000 0.000000
0 0.000000 0.000000 0.000000 0.000000 12.979597 12.650852 0.000000 0.000000
0 0.000000 0.000000 0.000000 0.000000 12.979597 12.650852 0.000000 0.000000
0 0.000000 0.000000 0.000000 0.000000 12.979597 12.650852 0.000000 0.000000
0 0.000000 0.000000 0.000000 0.000000 12.979597 12.650852 0.000000 0.000000
0 0.000000 0.000000 0.000000 0.000000 12.979597 12.650852 0.000000 0.000000
0 0.000000 0.000000 0.000000 0.000000 12.979597 12.650852 0.000000 0.000000
0 0.000000 0.000000 0.000000 0.000000 12.979597 12.650852 0.000000 0.000000
0 0.000000 0.000000 0.000000 0.000000 12.979597 12.650852 0.000000 0.000000
0 0.000000 0.000000 0.000000 0.000000 12.979597 12.650852 0.000000 0.000000
0 0.000000 0.000000 0.000000 0.000000 12.979597 12.650852 0.000000 0.000000
0 0.000000 0.000000 0.000000 0.000000 12.979597 12.650852 0.000000 0.000000
0 0.000000 0.000000 0.000000 0.000000 12.979597 12.650852 0.000000 0.000000
0 0.000000 0.000000 0.000000 0.000000 12.979597 12.650852 0.000000 0.000000
0 0.000000 0.000000 0.000000 0.000000 12.979597 12.650852 0.000000 0.000000
0 0.000000 0.000000 0.000000 0.000000 12.979597 12.650852 0.000000 0.000000
0 0.000000 0.000000 0.000000 0.000000 12.979597 12.650852 0.000000 0.000000
0 0.000000 0.000000 0.000000 0.000000 12.979597 12.650852 0.000000 0.000000
0 0.000000 0.000000 0.000000 0.000000 12.979597 12.650852 0.000000 0.000000
0 0.000000 0.000000 0.000000 0.000000 12.979597 12.650852 0.000000 0.000000
0 0.000000 0.000000 0.000000 0.000000 12.979597 12.650852 0.000000 0.000000
0 0.000000 0.000000 0.000000 0.000000 12.979597 12.650852 0.000000 0.000000
0 0.000000 0.000000 0.000000 0.000000 12.979597 12.650852 0.000000 0.000000
0 0.000000 0.000000 0.000000 0.000000 12.979597 12.650852 0.000000 0.000000
0 0.000000 0.000000 0.000000 0.000000 12.979597 12.650852 0.000000 0.000000
0 0.000000 0.000000 0.000000 0.000000 12.959447 12.629084 0.000000 0.000000
0 0.000000 0.000000 0.000000 0.000000 12.939431 12.607451 0.000000 0.000000
0 0.000000 0.000000 0.000000 0.000000 12.919556 12.585958 0.000000 0.000000
0 0.000000 0.000000 0.000000 0.000000 12.899820 12.564607 0.000000 0.000000
0 0.000000 0.000000 0.000000 0.000000 12.880229 12.543399 0.000000 0.000000
0 0.000000 0.000000 0.000000 0.000000 12.860782 12.522338 0.000000 0.000000
0 0.000000 0.000000 0.000000 0.000000 12.841481 12.501426 0.000000 0.000000
0 0.000000 0.000000 0.000000 0.000000 12.822333 12.480664 0.000000 0.000000
0 0.000000 0.000000 0.000000 0.000000 12.803334 12.460058 0.000000 0.000000
0 0.000000 0.000000 0.000000 0.000000 12.784492 12.439610 0.000000 0.000000
0 0.000000 0.000000 0.000000 0.000000 12.765804 12.419319 0.000000 0.000000
0 0.000000 0.000000 0.000000 0.000000 12.747277 12.399192 0.000000 0.000000
0 0.000000 0.000000 0.000000 0.000000 12.728910 12.379230 0.000000 0.000000
0 0.000000 0.000000 0.000000 0.000000 12.710708 12.359436 0.000000 0.000000
0 0.000000 0.000000 0.000000 0.000000 12.692672 12.339812 0.000000 0.000000
0 0.000000 0.000000 0.000000 0.000000 12.674804 12.320362 0.000000 0.000000
0 0.000000 0.000000 0.000000 0.000000 12.657105 12.301088 0.000000 0.000000
0 0.000000 0.000000 0.000000 0.000000 12.639581 12.281993 0.000000 0.000000
0 0.000000 0.000000 0.000000 0.000000 12.622231 12.263079 0.000000 0.000000
0 0.000000 0.000000 0.000000 0.000000 12.605060 12.244349 0.000000 0.000000
0 0.000000 0.000000 0.000000 0.000000 12.588070 12.225808 0.000000 0.000000
0 0.000000 0.000000 0.000000 0.000000 12.571260 12.207456 0.000000 0.000000
0 0.000000 0.000000 0.000000 0.000000 12.561073 12.197174 0.000000 0.000000
0 0.000000 0.000000 0.000000 0.000000 12.550858 12.186864 0.000000 0.000000
0 0.000000 0.000000 0.000000 0.000000 12.540615 12.176524 0.000000 0.000000
0 0.000000 0.000000 0.000000 0.000000 12.530344 12.166155 0.000000 0.000000
0 0.000000 0.000000 0.000000 0.000000 12.520042 12.155756 0.000000 0.000000
0 0.000000 0.000000 0.000000 0.000000 12.509714 12.145327 0.000000 0.000000
0 0.000000 0.000000 0.000000 0.000000 12.499355 12.134869 0.000000 0.000000
0 0.000000 0.000000 0.000000 0.000000 12.488970 12.124380 0.000000 0.000000
0 0.000000 0.000000 0.000000 0.000000 12.478555 12.113864 0.000000 0.000000
0 0.000000 0.000000 0.000000 0.000000 12.468111 12.103316 0.000000 0.000000
0 0.000000 0.000000 0.000000 0.000000 12.457639 12.092740 0.000000 0.000000
0 0.000000 0.000000 0.000000 0.000000 12.447139 12.082132 0.000000 0.000000
0 0.000000 0.000000 0.000000 0.000000 12.436609 12.071497 0.000000 0.000000
0 0.000000 0.000000 0.000000 0.000000 12.426052 12.060830 0.000000 0.000000
0 0.000000 0.000000 0.000000 0.000000 12.415465 12.050136 0.000000 0.000000
0 0.000000 0.000000 0.000000 0.000000 12.404851 12.039412 0.000000 0.000000
0 0.000000 0.000000 0.000000 0.000000 12.394208 12.028657 0.000000 0.000000
0 0.000000 0.000000 0.000000 0.000000 12.383534 12.017872 0.000000 0.000000
0 0.000000 0.000000 0.000000 0.000000 12.372835 12.007057 0.000000 0.000000
0 0.000000 0.000000 0.000000 0.000000 12.362106 11.996214 0.000000 0.000000
0 0.000000 0.000000 0.000000 0.000000 12.351347 11.985338 0.000000 0.000000
0 0.000000 0.000000 0.000000 0.000000 12.340561 11.974433 0.000000 0.000000
0 0.000000 0.000000 0.000000 0.000000 12.329744 11.963500 0.000000 0.000000
0 0.000000 0.000000 0.000000 0.000000 12.318899 11.952535 0.000000 0.000000
0 0.000000 0.000000 0.000000 0.000000 12.308027 11.941542 0.000000 0.000000
0 0.000000 0.000000 0.000000 0.000000 12.297126 11.930518 0.000000 0.000000
0 0.000000 0.000000 0.000000 0.000000 12.286196 11.919464 0.000000 0.000000
0 0.000000 0.000000 0.000000 0.000000 12.275236 11.908380 0.000000 0.000000
0 0.000000 0.000000 0.000000 0.000000 12.264250 11.897265 0.000000 0.000000
0 0.000000 0.000000 0.000000 0.000000 12.253232 11.886122 0.000000 0.000000
0 0.000000 0.000000 0.000000 0.000000 12.242188 11.874949 0.000000 0.000000
0 0.000000 0.000000 0.000000 0.000000 12.231114 11.863745 0.000000 0.000000
0 0.000000 0.000000 0.000000 0.000000 12.220014 11.852511 0.000000 0.000000
0 0.000000 0.000000 0.000000 0.000000 12.208882 11.841249 0.000000 0.000000
0 0.000000 0.000000 0.000000 0.000000 12.197723 11.829954 0.000000 0.000000
0 0.000000 0.000000 0.000000 0.000000 12.186536 11.818631 0.000000 0.000000
0 0.000000 0.000000 0.000000 0.000000 12.175318 11.807276 0.000000 0.000000
0 0.000000 0.000000 0.000000 0.000000 12.164073 11.795893 0.000000 0.000000
0 0.000000 0.000000 0.000000 0.000000 12.152798 11.784479 0.000000 0.000000
0 0.000000 0.000000 0.000000 0.000000 12.141497 11.773035 0.000000 0.000000
0 0.000000 0.000000 0.000000 0.000000 12.130166 11.761560 0.000000 0.000000
0 0.000000 0.000000 0.000000 0.000000 12.118805 11.750055 0.000000 0.000000
0 0.000000 0.000000 0.000000 0.000000 12.107416 11.738522 0.000000 0.000000
0 0.000000 0.000000 0.000000 0.000000 12.095999 11.726955 0.000000 0.000000
0 0.000000 0.000000 0.000000 0.000000 12.084554 11.715362 0.000000 0.000000
0 0.000000 0.000000 0.000000 0.000000 12.073078 11.703736 0.000000 0.000000
0 0.000000 0.000000 0.000000 0.000000 12.061576 11.692080 0.000000 0.000000
0 0.000000 0.000000 0.000000 0.000000 12.050043 11.680396 0.000000 0.000000
0 0.000000 0.000000 0.000000 0.000000 12.038483 11.668678 0.000000 0.000000
0 0.000000 0.000000 0.000000 0.000000 12.026893 11.656933 0.000000 0.000000
0 0.000000 0.000000 0.000000 0.000000 12.015276 11.645155 0.000000 0.000000
0 0.000000 0.000000 0.000000 0.000000 11.995903 11.623870 0.000000 0.000000
0 0.000000 0.000000 0.000000 0.000000 11.976727 11.602786 0.000000 0.000000
0 0.000000 0.000000 0.000000 0.000000 11.957750 11.581908 0.000000 0.000000
0 0.000000 0.000000 0.000000 0.000000 11.938978 11.561241 0.000000 0.000000
0 0.000000 0.000000 0.000000 0.000000 11.920410 11.540789 0.000000 0.000000
0 0.000000 0.000000 0.000000 0.000000 11.902053 11.520552 0.000000 0.000000
0 0.000000 0.000000 0.000000 0.000000 11.883908 11.500538 0.000000 0.000000
0 0.000000 0.000000 0.000000 0.000000 11.865979 11.480749 0.000000 0.000000
0 0.000000 0.000000 0.000000 0.000000 11.848269 11.461189 0.000000 0.000000
0 0.000000 0.000000 0.000000 0.000000 11.830781 11.441863 0.000000 0.000000
0 0.000000 0.000000 0.000000 0.000000 11.813519 11.422773 0.000000 0.000000
0 0.000000 0.000000 0.000000 0.000000 11.796485 11.403926 0.000000 0.000000
0 0.000000 0.000000 0.000000 0.000000 11.779682 11.385322 0.000000 0.000000
0 0.000000 0.000000 0.000000 0.000000 11.763116 11.366967 0.000000 0.000000
0 0.000000 0.000000 0.000000 0.000000 11.746786 11.348865 0.000000 0.000000
0 0.000000 0.000000 0.000000 0.000000 11.730700 11.331019 0.000000 0.000000
0 0.000000 0.000000 0.000000 0.000000 11.714856 11.313436 0.000000 0.000000
0 0.000000 0.000000 0.000000 0.000000 11.699261 11.296115 0.000000 0.000000
0 0.000000 0.000000 0.000000 0.000000 11.683915 11.279063 0.000000 0.000000
0 0.000000 0.000000 0.000000 0.000000 11.668825 11.262284 0.000000 0.000000
0 0.000000 0.000000 0.000000 0.000000 11.653992 11.245780 0.000000 0.000000
0 0.000000 0.000000 0.000000 0.000000 11.639420 11.229558 0.000000 0.000000
0 0.000000 0.000000 0.000000 0.000000 11.625109 11.213618 0.000000 0.000000
0 0.000000 0.000000 0.000000 0.000000 11.611066 11.197967 0.000000 0.000000
0 0.000000 0.000000 0.000000 0.000000 11.597292 11.182608 0.000000 0.000000
0 0.000000 0.000000 0.000000 0.000000 11.583791 11.167543 0.000000 0.000000
0 0.000000 0.000000 0.000000 0.000000 11.570564 11.152779 0.000000 0.000000
0 0.000000 0.000000 0.000000 0.000000 11.557616 11.138317 0.000000 0.000000
0 0.000000 0.000000 0.000000 0.000000 11.544950 11.124162 0.000000 0.000000
0 0.000000 0.000000 0.000000 0.000000 11.532568 11.110316 0.000000 0.000000
0 0.000000 0.000000 0.000000 0.000000 11.528475 11.105048 0.000000 0.000000
0 0.000000 0.000000 0.000000 0.000000 11.524535 11.099961 0.000000 0.000000
0 0.000000 0.000000 0.000000 0.000000 11.520747 11.095062 0.000000 0.000000
0 0.000000 0.000000 0.000000 0.000000 11.517118 11.090346 0.000000 0.000000
0 0.000000 0.000000 0.000000 0.000000 11.513643 11.085818 0.000000 0.000000
0 0.000000 0.000000 0.000000 0.000000 11.510324 11.081477 0.000000 0.000000
0 0.000000 0.000000 0.000000 0.000000 11.507158 11.077321 0.000000 0.000000
0 0.000000 0.000000 0.000000 0.000000 11.504150 11.073357 0.000000 0.000000
0 0.000000 0.000000 0.000000 0.000000 11.501301 11.069579 0.000000 0.000000
0 0.000000 0.000000 0.000000 0.000000 11.498609 11.065992 0.000000 0.000000
0 0.000000 0.000000 0.000000 0.000000 11.496072 11.062596 0.000000 0.000000
0 0.000000 0.000000 0.000000 0.000000 11.493694 11.059390 0.000000 0.000000
0 0.000000 0.000000 0.000000 0.000000 11.491475 11.056376 0.000000 0.000000
0 0.000000 0.000000 0.000000 0.000000 11.489414 11.053553 0.000000 0.000000
0 0.000000 0.000000 0.000000 0.000000 11.487514 11.050923 0.000000 0.000000
0 0.000000 0.000000 0.000000 0.000000 11.485770 11.048486 0.000000 0.000000
0 0.000000 0.000000 0.000000 0.000000 11.484187 11.046242 0.000000 0.000000
0 0.000000 0.000000 0.000000 0.000000 11.482765 11.044192 0.000000 0.000000
0 0.000000 0.000000 0.000000 0.000000 11.481502 11.042336 0.000000 0.000000
0 0.000000 0.000000 0.000000 0.000000 11.480398 11.040674 0.000000 0.000000
0 0.000000 0.000000 0.000000 0.000000 11.479454 11.039207 0.000000 0.000000
0 0.000000 0.000000 0.000000 0.000000 11.478673 11.037935 0.000000 0.000000
0 0.000000 0.000000 0.000000 0.000000 11.478050 11.036860 0.000000 0.000000
0 0.000000 0.000000 0.000000 0.000000 11.477589 11.035977 0.000000 0.000000
0 0.000000 0.000000 0.000000 0.000000 11.477288 11.035291 0.000000 0.000000
0 0.000000 0.000000 0.000000 0.000000 11.477148 11.034801 0.000000 0.000000
0 0.000000 0.000000 0.000000 0.000000 11.477168 11.034506 0.000000 0.000000
0 0.000000 0.000000 0.000000 0.000000 11.477348 11.034408 0.000000 0.000000
0 0.000000 0.000000 0.000000 0.000000 11.477691 11.034504 0.000000 0.000000
0 0.000000 0.000000 0.000000 0.000000 11.478193 11.034798 0.000000 0.000000
0 0.000000 0.000000 0.000000 0.000000 11.478855 11.035287 0.000000 0.000000
0 0.000000 0.000000 0.000000 0.000000 11.479679 11.035971 0.000000 0.000000
0 0.000000 0.000000 0.000000 0.000000 11.480664 11.036850 0.000000 0.000000
0 0.000000 0.000000 0.000000 0.000000 11.481810 11.037928 0.000000 0.000000
0 0.000000 0.000000 0.000000 0.000000 11.483114 11.039199 0.000000 0.000000
0 0.000000 0.000000 0.000000 0.000000 11.484579 11.040665 0.000000 0.000000
0 0.000000 0.000000 0.000000 0.000000 11.486203 11.042324 0.000000 0.000000
0 0.000000 0.000000 0.000000 0.000000 11.487984 11.044179 0.000000 0.000000
0 0.000000 0.000000 0.000000 0.000000 11.489927 11.046227 0.000000 0.000000
0 0.000000 0.000000 0.000000 0.000000 11.492028 11.048470 0.000000 0.000000
0 0.000000 0.000000 0.000000 0.000000 11.494287 11.050904 0.000000 0.000000
0 0.000000 0.000000 0.000000 0.000000 11.496705 11.053534 0.000000 0.000000
0 0.000000 0.000000 0.000000 0.000000 11.499281 11.056354 0.000000 0.000000
0 0.000000 0.000000 0.000000 0.000000 11.502014 11.059366 0.000000 0.000000
0 0.000000 0.000000 0.000000 0.000000 11.504906 11.062572 0.000000 0.000000
0 0.000000 0.000000 0.000000 0.000000 11.507954 11.065967 0.000000 0.000000
0 0.000000 0.000000 0.000000 0.000000 11.511156 11.069551 0.000000 0.000000
0 0.000000 0.000000 0.000000 0.000000 0.000000 0.000000 0.000000 0.000000
0 0.000000 0.000000 0.000000 0.000000 0.000000 0.000000 0.000000 0.000000
0 0.000000 0.000000 0.000000 0.000000 0.000000 0.000000 0.000000 0.000000
0 0.000000 0.000000 0.000000 0.000000 0.000000 0.000000 0.000000 0.000000
0 0.000000 0.000000 0.000000 0.000000 0.000000 0.000000 0.000000 0.000000
0 0.000000 0.000000 0.000000 0.000000 0.000000 0.000000 0.000000 0.000000
0 0.000000 0.000000 0.000000 0.000000 0.000000 0.000000 0.000000 0.000000
0 0.000000 0.000000 0.000000 0.000000 0.000000 0.000000 0.000000 0.000000
0 0.000000 0.000000 0.000000 0.000000 0.000000 0.000000 0.000000 0.000000
0 0.000000 0.000000 0.000000 0.000000 0.000000 0.000000 0.000000 0.000000
0 0.000000 0.000000 0.000000 0.000000 0.000000 0.000000 0.000000 0.000000
0 0.000000 0.000000 0.000000 0.000000 0.000000 0.000000 0.000000 0.000000
0 0.000000 0.000000 0.000000 0.000000 0.000000 0.000000 0.000000 0.000000
0 0.000000 0.000000 0.000000 0.000000 0.000000 0.000000 0.000000 0.000000
0 0.000000 0.000000 0.000000 0.000000 0.000000 0.000000 0.000000 0.000000
0 0.000000 0.000000 0.000000 0.000000 0.000000 0.000000 0.000000 0.000000
0 0.000000 0.000000 0.000000 0.000000 0.000000 0.000000 0.000000 0.000000
0 0.000000 0.000000 0.000000 0.000000 0.000000 0.000000 0.000000 0.000000
0 0.000000 0.000000 0.000000 0.000000 0.000000 0.000000 0.000000 0.000000
0 0.000000 0.000000 0.000000 0.000000 0.000000 0.000000 0.000000 0.000000
0 0.000000 0.000000 0.000000 0.000000 0.000000 0.000000 0.000000 0.000000
0 0.000000 0.000000 0.000000 0.000000 0.000000 0.000000 0.000000 0.000000
0 0.000000 0.000000 0.000000 0.000000 0.000000 0.000000 0.000000 0.000000
0 0.000000 0.000000 0.000000 0.000000 0.000000 0.000000 0.000000 0.000000
0 0.000000 0.000000 0.000000 0.000000 0.000000 0.000000 0.000000 0.000000
0 0.000000 0.000000 0.000000 0.000000 0.000000 0.000000 0.000000 0.000000
0 0.000000 0.000000 0.000000 0.000000 0.000000 0.000000 0.000000 0.000000
0 0.000000 0.000000 0.000000 0.000000 0.000000 0.000000 0.000000 0.000000
0 0.000000 0.000000 0.000000 0.000000 0.000000 0.000000 0.000000 0.000000
0 0.000000 0.000000 0.000000 0.000000 0.000000 0.000000 0.000000 0.000000
0 0.000000 0.000000 0.000000 0.000000 0.000000 0.000000 0.000000 0.000000
0 0.000000 0.000000 0.000000 0.000000 0.000000 0.000000 0.000000 0.000000
0 0.000000 0.000000 0.000000 0.000000 0.000000 0.000000 0.000000 0.000000
0 0.000000 0.000000 0.000000 0.000000 0.000000 0.000000 0.000000 0.000000
0 0.000000 0.000000 0.000000 0.000000 0.000000 0.000000 0.000000 0.000000
0 0.000000 0.000000 0.000000 0.000000 0.000000 0.000000 0.000000 0.000000
0 0.000000 0.000000 0.000000 0.000000 0.000000 0.000000 0.000000 0.000000
0 0.000000 0.000000 0.000000 0.000000 0.000000 0.000000 0.000000 0.000000
0 0.000000 0.000000 0.000000 0.000000 0.000000 0.000000 0.000000 0.000000
0 0.000000 0.000000 0.000000 0.000000 0.000000 0.000000 0.000000 0.000000
0 0.000000 0.000000 0.000000 0.000000 0.000000 0.000000 0.000000 0.000000
0 0.000000 0.000000 0.000000 0.000000 0.000000 0.000000 0.000000 0.000000
0 0.000000 0.000000 0.000000 0.000000 0.000000 0.000000 0.000000 0.000000
0 0.000000 0.000000 0.000000 0.000000 0.000000 0.000000 0.000000 0.000000
0 0.000000 0.000000 0.000000 0.000000 0.000000 0.000000 0.000000 0.000000
0 0.000000 0.000000 0.000000 0.000000 0.000000 0.000000 0.000000 0.000000
0 0.000000 0.000000 0.000000 0.000000 0.000000 0.000000 0.000000 0.000000
0 0.000000 0.000000 0.000000 0.000000 0.000000 0.000000 0.000000 0.000000
0 0.000000 0.000000 0.000000 0.000000 0.000000 0.000000 0.000000 0.000000
0 0.000000 0.000000 0.000000 0.000000 0.000000 0.000000 0.000000 0.000000
0 0.000000 0.000000 0.000000 0.000000 0.000000 0.000000 0.000000 0.000000
0 0.000000 0.000000 0.000000 0.000000 0.000000 0.000000 0.000000 0.000000
0 0.000000 0.000000 0.000000 0.000000 0.000000 0.000000 0.000000 0.000000
0 0.000000 0.000000 0.000000 0.000000 0.000000 0.000000 0.000000 0.000000
0 0.000000 0.000000 0.000000 0.000000 0.000000 0.000000 0.000000 0.000000
0 0.000000 0.000000 0.000000 0.000000 0.000000 0.000000 0.000000 0.000000
0 0.000000 0.000000 0.000000 0.000000 0.000000 0.000000 0.000000 0.000000
0 0.000000 0.000000 0.000000 0.000000 0.000000 0.000000 0.000000 0.000000
0 0.000000 0.000000 0.000000 0.000000 0.000000 0.000000 0.000000 0.000000
0 0.000000 0.000000 0.000000 0.000000 0.000000 0.000000 0.000000 0.000000
0 0.000000 0.000000 0.000000 0.000000 0.000000 0.000000 0.000000 0.000000
0 0.000000 0.000000 0.000000 0.000000 0.000000 0.000000 0.000000 0.000000
0 0.000000 0.000000 0.000000 0.000000 0.000000 0.000000 0.000000 0.000000
0 0.000000 0.000000 0.000000 0.000000 0.000000 0.000000 0.000000 0.000000
0 0.000000 0.000000 0.000000 0.000000 0.000000 0.000000 0.000000 0.000000
0 0.000000 0.000000 0.000000 0.000000 0.000000 0.000000 0.000000 0.000000
0 0.000000 0.000000 0.000000 0.000000 0.000000 0.000000 0.000000 0.000000
0 0.000000 0.000000 0.000000 0.000000 0.000000 0.000000 0.000000 0.000000
0 0.000000 0.000000 0.000000 0.000000 0.000000 0.000000 0.000000 0.000000
0 0.000000 0.000000 0.000000 0.000000 0.000000 0.000000 0.000000 0.000000
0 0.000000 0.000000 0.000000 0.000000 0.000000 0.000000 0.000000 0.000000
0 0.000000 0.000000 0.000000 0.000000 0.000000 0.000000 0.000000 0.000000
0 0.000000 0.000000 0.000000 0.000000 0.000000 0.000000 0.000000 0.000000
0 0.000000 0.000000 0.000000 0.000000 0.000000 0.000000 0.000000 0.000000
0 0.000000 0.000000 0.000000 0.000000 0.000000 0.000000 0.000000 0.000000
0 0.000000 0.000000 0.000000 -0.000000 0.000000 0.000000 0.000000 0.000000
0 0.000000 0.000000 0.000000 -0.000000 0.000000 0.000000 0.000000 0.000000
0 0.000000 0.000000 0.000000 -0.000000 0.000000 0.000000 0.000000 0.000000
0 0.000000 0.000000 0.000000 -0.000000 0.000000 0.000000 0.000000 0.000000
0 0.000000 0.000000 0.000000 -0.000000 0.000000 0.000000 0.000000 0.000000
0 0.000000 0.000000 0.000000 -0.000000 0.000000 0.000000 0.000000 0.000000
0 0.000000 0.000000 0.000000 -0.000000 0.000000 0.000000 0.000000 0.000000
0 0.000000 0.000000 0.000000 -0.000000 0.000000 0.000000 0.000000 0.000000
0 0.000000 0.000000 0.000000 -0.000000 0.000000 0.000000 0.000000 0.000000
0 0.000000 0.000000 0.000000 -0.000000 0.000000 0.000000 0.000000 0.000000
0 0.000000 0.000000 0.000000 -0.000000 0.000000 0.000000 0.000000 0.000000
0 0.000000 0.000000 0.000000 -0.000000 0.000000 0.000000 0.000000 0.000000
0 0.000000 0.000000 0.000000 -0.000000 0.000000 0.000000 0.000000 0.000000
0 0.000000 0.000000 0.000000 -0.000000 0.000000 0.000000 0.000000 0.000000
0 0.000000 0.000000 0.000000 -0.000000 0.000000 0.000000 0.000000 0.000000
0 0.000000 0.000000 0.000000 -0.000000 0.000000 0.000000 0.000000 0.000000
0 0.000000 0.000000 0.000000 -0.000000 0.000000 0.000000 0.000000 0.000000
0 0.000000 0.000000 0.000000 -0.000000 0.000000 0.000000 0.000000 0.000000
0 0.000000 0.000000 0.000000 -0.000000 0.000000 0.000000 0.000000 0.000000
0 0.000000 0.000000 0.000000 -0.000000 0.000000 0.000000 0.000000 0.000000
0 0.000000 0.000000 0.000000 -0.000000 0.000000 0.000000 0.000000 0.000000
0 0.000000 0.000000 0.000000 -0.000000 0.000000 0.000000 0.000000 0.000000
0 0.000000 0.000000 0.000000 -0.000000 0.000000 0.000000 0.000000 0.000000
0 0.000000 0.000000 0.000000 -0.000000 0.000000 0.000000 0.000000 0.000000
0 0.000000 0.000000 0.000000 -0.000000 0.000000 0.000000 0.000000 0.000000
0 0.000000 0.000000 0.000000 -0.000000 0.000000 0.000000 0.000000 0.000000
0 0.000000 0.000000 0.000000 -0.000000 0.000000 0.000000 0.000000 0.000000
0 0.000000 0.000000 0.000000 -0.000000 0.000000 0.000000 0.000000 0.000000
0 0.000000 0.000000 0.000000 -0.000000 0.000000 0.000000 0.000000 0.000000
0 0.000000 0.000000 0.000000 -0.000000 0.000000 0.000000 0.000000 0.000000
0 0.000000 0.000000 0.000000 -0.000000 0.000000 0.000000 0.000000 0.000000
0 0.000000 0.000000 0.000000 -0.000000 0.000000 0.000000 0.000000 0.000000
0 0.000000 0.000000 0.000000 -0.000000 0.000000 0.000000 0.000000 0.000000
0 0.000000 0.000000 0.000000 -0.000000 0.000000 0.000000 0.000000 0.000000
0 0.000000 0.000000 0.000000 -0.000000 0.000000 0.000000 0.000000 0.000000
0 0.000000 0.000000 0.000000 -0.000000 0.000000 0.000000 0.000000 0.000000
0 0.000000 0.000000 0.000000 -0.000000 0.000000 0.000000 0.000000 0.000000
0 0.000000 0.000000 0.000000 -0.000000 0.000000 0.000000 0.000000 0.000000
0 0.000000 0.000000 0.000000 -0.000000 0.000000 0.000000 0.000000 0.000000
0 0.000000 0.000000 0.000000 -0.000000 0.000000 0.000000 0.000000 0.000000
0 0.000000 0.000000 0.000000 -0.000000 0.000000 0.000000 0.000000 0.000000
0 0.000000 0.000000 0.000000 -0.000000 0.000000 0.000000 0.000000 0.000000
0 0.000000 0.000000 0.000000 -0.000000 0.000000 0.000000 0.000000 0.000000
0 0.000000 0.000000 0.000000 -0.000000 0.000000 0.000000 0.000000 0.000000
0 0.000000 0.000000 0.000000 -0.000000 0.000000 0.000000 0.000000 0.000000
0 0.000000 0.000000 0.000000 -0.000000 0.000000 0.000000 0.000000 0.000000
0 0.000000 0.000000 0.000000 -0.000000 0.000000 0.000000 0.000000 0.000000
0 0.000000 0.000000 0.000000 -0.000000 0.000000 0.000000 0.000000 0.000000
0 0.000000 0.000000 0.000000 -0.000000 0.000000 0.000000 0.000000 0.000000
0 0.000000 0.000000 0.000000 -0.000000 0.000000 0.000000 0.000000 0.000000
0 0.000000 0.000000 0.000000 -0.000000 0.000000 0.000000 0.000000 0.000000
0 0.000000 0.000000 0.000000 -0.000000 0.000000 0.000000 0.000000 0.000000
0 0.000000 0.000000 0.000000 -0.000000 0.000000 0.000000 0.000000 0.000000
0 0.000000 0.000000 0.000000 -0.000000 0.000000 0.000000 0.000000 0.000000
0 0.000000 0.000000 0.000000 -0.000000 0.000000 0.000000 0.000000 0.000000
0 0.000000 0.000000 0.000000 -0.000000 0.000000 0.000000 0.000000 0.000000
0 0.000000 0.000000 0.000000 -0.000000 0.000000 0.000000 0.000000 0.000000
0 0.000000 0.000000 0.000000 -0.000000 0.000000 0.000000 0.000000 0.000000
0 0.000000 0.000000 0.000000 -0.000000 0.000000 0.000000 0.000000 0.000000
0 0.000000 0.000000 0.000000 -0.000000 0.000000 0.000000 0.000000 0.000000
0 0.000000 0.000000 0.000000 -0.000000 0.000000 0.000000 0.000000 0.000000
0 0.000000 0.000000 0.000000 -0.000000 12.065763 11.644008 0.000000 0.000000
0 0.000000 0.000000 0.000000 -0.000000 12.042665 11.620838 0.000000 0.000000
0 0.000000 0.000000 0.000000 0.000000 12.021126 11.601332 0.000000 0.000000
0 0.000000 0.000000 0.000000 0.000000 12.001392 11.585818 0.000000 0.000000
0 0.000000 0.000000 0.000000 0.000000 11.983697 11.574567 0.000000 0.000000
0 0.000000 0.000000 0.000000 0.000000 11.968254 11.567773 0.000000 0.000000
0 0.000000 0.000000 0.000000 0.000000 11.955250 11.565565 0.000000 0.000000
0 0.000000 0.000000 0.000000 0.000000 11.944846 11.567991 0.000000 0.000000
0 0.000000 0.000000 0.000000 0.000000 11.937173 11.575036 0.000000 0.000000
0 0.000000 0.000000 0.000000 0.000000 11.932329 11.586618 0.000000 0.000000
0 0.000000 0.000000 0.000000 0.000000 11.930370 11.602592 0.000000 0.000000
0 0.000000 17.536449 17.249014 0.000000 11.931328 11.622763 0.000000 0.000000
0 0.000000 17.521650 17.234814 0.000000 11.935193 11.646892 0.000000 0.000000
0 0.000000 17.508455 17.223299 0.000000 11.941927 11.674708 0.000000 0.000000
0 0.000000 17.496925 17.214466 0.000000 11.951463 11.705914 0.000000 0.000000
0 0.000000 17.487114 17.208294 0.000000 11.963706 11.740195 0.000000 0.000000
0 0.000000 17.478819 17.204485 0.000000 11.977547 11.776182 0.000000 0.000000
0 0.000000 17.471819 17.202724 0.000000 11.992231 11.812920 0.000000 0.000000
0 0.000000 17.465990 17.202789 0.000000 12.007497 11.849989 0.000000 0.000000
0 0.000000 17.461199 17.204451 0.000000 12.023092 11.887012 0.000000 0.000000
0 0.000000 17.457306 17.207487 0.000000 12.038793 11.923653 0.000000 0.000000
0 0.000000 17.454180 17.211668 0.000000 12.054388 11.959621 0.000000 0.000000
0 0.000000 17.451687 17.216785 0.000000 12.069698 11.994667 0.000000 0.000000
0 0.000000 17.449703 17.222635 0.000000 12.084561 12.028581 0.000000 0.000000
0 0.000000 17.448105 17.229029 0.000000 12.098844 12.061191 0.000000 0.000000
0 0.000000 17.446783 17.235785 0.000000 12.112421 12.092356 0.000000 0.000000
0 0.000000 17.445631 17.242744 0.000000 12.125201 12.121971 0.000000 0.000000
0 0.000000 17.444551 17.249762 0.000000 12.137104 12.149954 0.000000 0.000000
0 0.000000 17.443460 17.256704 0.000000 12.148067 12.176250 0.000000 0.000000
0 0.000000 17.442280 17.263460 0.000000 12.158043 12.200825 0.000000 0.000000
0 0.000000 17.440937 17.269920 0.000000 12.167001 12.223664 0.000000 0.000000
0 0.000000 17.439375 17.276003 0.000000 12.174915 12.244765 0.000000 0.000000
0 0.000000 17.437538 17.281630 0.000000 12.181779 12.264142 0.000000 0.000000
0 0.000000 17.435383 17.286736 0.000000 12.187587 12.281818 0.000000 0.000000
0 0.000000 17.432873 17.291273 0.000000 12.192348 12.297830 0.000000 0.000000
0 0.000000 17.429972 17.295197 0.000000 12.196074 12.312215 0.000000 0.000000
0 0.000000 17.426659 17.298477 0.000000 12.198783 12.325020 0.000000 0.000000
0 0.000000 17.422913 17.301085 0.000000 12.20