0 0.000000 13.133779 12.893662 0.000000 13.503753 13.730744 0.000000 0.000000
0 0.000000 13.080734 12.857483 0.000000 13.480699 13.725980 0.000000 0.000000
0 0.000000 13.050119 12.825237 -0.000000 13.452595 13.699362 0.000000 0.000000
0 0.000000 13.019511 12.792981 -0.000000 13.424519 13.672781 0.000000 0.000000
0 0.000000 12.988913 12.760720 -0.000000 13.396473 13.646241 0.000000 0.000000
0 0.000000 12.958327 12.728456 -0.000000 13.368459 13.619743 0.000000 0.000000
0 0.000000 12.927754 12.696188 -0.000000 13.340478 13.593289 0.000000 0.000000
0 0.000000 12.897196 12.663918 -0.000000 13.312531 13.566879 0.000000 0.000000
0 0.000000 12.866653 12.631648 -0.000000 13.284622 13.540517 0.000000 0.000000
0 0.000000 12.836128 12.599380 -0.000000 13.256750 13.514201 0.000000 0.000000
0 0.000000 12.805623 12.567113 -0.000000 13.228917 13.487935 0.000000 0.000000
0 0.000000 12.775136 12.534848 -0.000000 13.201125 13.461719 0.000000 0.000000
0 0.000000 12.744673 12.502590 -0.000000 13.173375 13.435556 0.000000 0.000000
0 0.000000 12.714232 12.470337 -0.000000 13.145667 13.409446 0.000000 0.000000
0 0.000000 12.683817 12.438091 -0.000000 13.118006 13.383390 0.000000 0.000000
0 0.000000 12.653426 12.405857 -0.000000 13.090391 13.357393 0.000000 0.000000
0 0.000000 12.623065 12.373631 -0.000000 13.062824 13.331453 0.000000 0.000000
0 0.000000 12.592733 12.341418 -0.000000 13.035309 13.305573 0.000000 0.000000
0 0.000000 12.562433 12.309218 -0.000000 13.007844 13.279756 0.000000 0.000000
0 0.000000 12.532166 12.277035 -0.000000 12.980433 13.254001 0.000000 0.000000
0 0.000000 12.501934 12.244868 -0.000000 12.953077 13.228311 0.000000 0.000000
0 0.000000 12.471738 12.212722 -0.000000 12.925779 13.202688 0.000000 0.000000
0 0.000000 12.441582 12.180594 -0.000000 12.898540 13.177133 0.000000 0.000000
0 0.000000 12.411466 12.148491 -0.000000 12.871362 13.151649 0.000000 0.000000
0 0.000000 12.381392 12.116411 -0.000000 12.844246 13.126237 0.000000 0.000000
0 0.000000 12.351364 12.084359 -0.000000 12.817195 13.100899 0.000000 0.000000
0 0.000000 12.321381 12.052335 -0.000000 12.790210 13.075635 0.000000 0.000000
0 0.000000 12.291449 12.020340 -0.000000 12.763293 13.050450 0.000000 0.000000
0 0.000000 12.261566 11.988379 -0.000000 12.736448 13.025345 0.000000 0.000000
0 0.000000 12.231736 11.956453 -0.000000 12.709676 13.000322 0.000000 0.000000
0 0.000000 12.201962 11.924564 -0.000000 12.682978 12.975382 0.000000 0.000000
0 0.000000 12.172246 11.892715 -0.000000 12.656357 12.950527 0.000000 0.000000
0 0.000000 12.142591 11.860907 -0.000000 12.629814 12.925759 0.000000 0.000000
0 0.000000 12.112997 11.829142 -0.000000 12.603354 12.901083 0.000000 0.000000
0 0.000000 12.083468 11.797423 -0.000000 12.576978 12.876497 0.000000 0.000000
0 0.000000 12.054007 11.765757 -0.000000 12.550687 12.852006 0.000000 0.000000
0 0.000000 12.024615 11.734138 -0.000000 12.524485 12.827610 0.000000 0.000000
0 0.000000 11.995297 11.702577 -0.000000 12.498372 12.803312 0.000000 0.000000
0 0.000000 11.966054 11.671071 -0.000000 12.472353 12.779117 0.000000 0.000000
0 0.000000 11.936888 11.639626 -0.000000 12.446430 12.755023 0.000000 0.000000
0 0.000000 11.907803 11.608244 -0.000000 12.420605 12.731033 0.000000 0.000000
0 0.000000 11.878801 11.576926 -0.000000 12.394880 12.707151 0.000000 0.000000
0 0.000000 11.849888 11.545678 -0.000000 12.369257 12.683379 0.000000 0.000000
0 0.000000 11.821061 11.514501 -0.000000 12.343741 12.659719 0.000000 0.000000
0 0.000000 11.792330 11.483400 -0.000000 12.318333 12.636174 0.000000 0.000000
0 0.000000 11.763692 11.452376 -0.000000 12.293036 12.612745 0.000000 0.000000
0 0.000000 11.735155 11.421433 -0.000000 12.267853 12.589435 0.000000 0.000000
0 0.000000 11.706718 11.390577 -0.000000 12.242785 12.566248 0.000000 0.000000
0 0.000000 11.678387 11.359807 -0.000000 12.217838 12.543184 0.000000 0.000000
0 0.000000 11.650165 11.329131 -0.000000 12.193011 12.520247 0.000000 0.000000
0 0.000000 11.622054 11.298548 -0.000000 12.168311 12.497440 0.000000 0.000000
0 0.000000 11.594058 11.268065 -0.000000 12.143738 12.474766 0.000000 0.000000
0 0.000000 11.566182 11.237686 -0.000000 12.119296 12.452226 0.000000 0.000000
0 0.000000 11.538428 11.207413 -0.000000 12.094988 12.429822 0.000000 0.000000
0 0.000000 11.510800 11.177251 -0.000000 12.070816 12.407558 0.000000 0.000000
0 0.000000 11.483302 11.147203 -0.000000 12.046784 12.385437 0.000000 0.000000
0 0.000000 11.455938 11.117274 -0.000000 12.022897 12.363462 0.000000 0.000000
0 0.000000 11.428711 11.087469 -0.000000 11.999155 12.341637 0.000000 0.000000
0 0.000000 11.413156 11.071774 -0.000000 11.988308 12.332645 0.000000 0.000000
0 0.000000 11.397561 11.056038 -0.000000 11.977589 12.323769 0.000000 0.000000
0 0.000000 11.381928 11.040260 -0.000000 11.966996 12.315004 0.000000 0.000000
0 0.000000 11.366259 11.024442 -0.000000 11.956533 12.306354 0.000000 0.000000
0 0.000000 11.350548 11.008582 -0.000000 11.946198 12.297819 0.000000 0.000000
0 0.000000 11.350543 11.008575 -0.000000 11.946194 12.297814 0.000000 0.000000
0 0.000000 11.350537 11.008570 -0.000000 11.946190 12.297811 0.000000 0.000000
0 0.000000 11.350533 11.008564 -0.000000 11.946185 12.297807 0.000000 0.000000
0 0.000000 11.350529 11.008560 -0.000000 11.946181 12.297803 0.000000 0.000000
0 0.000000 11.350525 11.008554 -0.000000 11.946178 12.297800 0.000000 0.000000
0 0.000000 11.350519 11.008551 -0.000000 11.946175 12.297796 0.000000 0.000000
0 0.000000 11.350515 11.008547 -0.000000 11.946171 12.297794 0.000000 0.000000
0 0.000000 11.350513 11.008543 -0.000000 11.946169 12.297791 0.000000 0.000000
0 0.000000 11.350509 11.008539 -0.000000 11.946165 12.297790 0.000000 0.000000
0 0.000000 11.350508 11.008536 -0.000000 11.946165 12.297788 0.000000 0.000000
0 0.000000 11.350504 11.008533 -0.000000 11.946161 12.297786 0.000000 0.000000
0 0.000000 11.350502 11.008530 -0.000000 11.946161 12.297784 0.000000 0.000000
0 0.000000 11.350499 11.008529 -0.000000 11.946159 12.297783 0.000000 0.000000
0 0.000000 11.350499 11.008527 -0.000000 11.946157 12.297782 0.000000 0.000000
0 0.000000 11.350497 11.008525 -0.000000 11.946157 12.297780 0.000000 0.000000
0 0.000000 11.350495 11.008524 -0.000000 11.946156 12.297778 0.000000 0.000000
0 0.000000 11.350494 11.008522 -0.000000 11.946154 12.297777 0.000000 0.000000
0 0.000000 11.350492 11.008520 -0.000000 11.946152 12.297776 0.000000 0.000000
0 0.000000 11.350492 11.008520 -0.000000 11.946152 12.297775 0.000000 0.000000
0 0.000000 11.350491 11.008520 -0.000000 11.946150 12.297775 0.000000 0.000000
0 0.000000 11.350491 11.008518 -0.000000 11.946150 12.297773 0.000000 0.000000
0 0.000000 11.350490 11.008518 -0.000000 11.946148 12.297773 0.000000 0.000000
0 0.000000 11.350490 11.008516 -0.000000 11.946148 12.297773 0.000000 0.000000
0 0.000000 11.350489 11.008515 -0.000000 11.946148 12.297771 0.000000 0.000000
0 0.000000 11.350489 11.008515 -0.000000 11.946148 12.297771 0.000000 0.000000
0 0.000000 11.350489 11.008515 -0.000000 11.946148 12.297771 0.000000 0.000000
0 0.000000 11.350489 11.008515 -0.000000 11.946148 12.297771 0.000000 0.000000
0 0.000000 11.350489 11.008515 -0.000000 11.946148 12.297771 0.000000 0.000000
0 0.000000 11.350489 11.008515 -0.000000 11.946148 12.297771 0.000000 0.000000
0 0.000000 11.350489 11.008515 -0.000000 11.946148 12.297771 0.000000 0.000000
0 0.000000 11.350489 11.008515 -0.000000 11.946148 12.297771 0.000000 0.000000
0 0.000000 11.350489 11.008515 -0.000000 11.946148 12.297771 0.000000 0.000000
0 0.000000 11.350489 11.008515 -0.000000 11.946148 12.297771 0.000000 0.000000
0 0.000000 11.350489 11.008515 -0.000000 11.946148 12.297771 0.000000 0.000000
0 0.000000 11.350489 11.008515 -0.000000 11.946148 12.297771 0.000000 0.000000
0 0.000000 11.350489 11.008515 -0.000000 11.946148 12.297771 0.000000 0.000000
0 0.000000 11.350489 11.008515 -0.000000 11.946148 12.297771 0.000000 0.000000
0 0.000000 11.350489 11.008515 -0.000000 11.946148 12.297771 0.000000 0.000000
0 0.000000 11.396432 11.028637 -0.000000 11.925332 12.254929 0.000000 0.000000
0 0.000000 11.396432 11.028637 -0.000000 11.925332 12.254929 0.000000 0.000000
0 0.000000 11.396432 11.028637 -0.000000 11.925332 12.254929 0.000000 0.000000
0 0.000000 11.396432 11.028637 -0.000000 11.925332 12.254929 0.000000 0.000000
0 0.000000 11.396432 11.028637 -0.000000 11.925332 12.254929 0.000000 0.000000
0 0.000000 11.396432 11.028637 -0.000000 11.925332 12.254929 0.000000 0.000000
0 0.000000 11.396432 11.028637 -0.000000 11.925332 12.254929 0.000000 0.000000
0 0.000000 11.396432 11.028637 -0.000000 11.925332 12.254929 0.000000 0.000000
0 0.000000 11.396432 11.028637 -0.000000 11.925332 12.254929 0.000000 0.000000
0 0.000000 11.386479 11.016446 -0.000000 11.911475 12.241089 0.000000 0.000000
0 0.000000 11.376657 11.004397 -0.000000 11.897580 12.227212 0.000000 0.000000
0 0.000000 11.366961 10.992494 -0.000000 11.883646 12.213298 0.000000 0.000000
0 0.000000 11.357398 10.980736 -0.000000 11.869673 12.199344 0.000000 0.000000
0 0.000000 11.347963 10.969128 -0.000000 11.855662 12.185353 0.000000 0.000000
0 0.000000 11.338662 10.957667 -0.000000 11.841612 12.171325 0.000000 0.000000
0 0.000000 11.316287 10.932866 -0.000000 11.815168 12.146982 0.000000 0.000000
0 0.000000 11.294127 10.908280 -0.000000 11.788852 12.122772 0.000000 0.000000
0 0.000000 11.272184 10.883916 -0.000000 11.762664 12.098699 0.000000 0.000000
0 0.000000 11.250463 10.859776 -0.000000 11.736611 12.074764 0.000000 0.000000
0 0.000000 11.228970 10.835867 -0.000000 11.710693 12.050973 0.000000 0.000000
0 0.000000 11.207705 10.812194 -0.000000 11.684917 12.027327 0.000000 0.000000
0 0.000000 11.186678 10.788763 -0.000000 11.659285 12.003830 0.000000 0.000000
0 0.000000 11.165892 10.765580 -0.000000 11.633798 11.980484 0.000000 0.000000
0 0.000000 11.145349 10.742649 -0.000000 11.608463 11.957294 0.000000 0.000000
0 0.000000 11.125054 10.719975 -0.000000 11.583283 11.934263 0.000000 0.000000
0 0.000000 11.105013 10.697567 -0.000000 11.558262 11.911393 0.000000 0.000000
0 0.000000 11.085231 10.675427 -0.000000 11.533403 11.888689 0.000000 0.000000
0 0.000000 11.065710 10.653562 -0.000000 11.508710 11.866152 0.000000 0.000000
0 0.000000 11.046457 10.631977 -0.000000 11.484187 11.843788 0.000000 0.000000
0 0.000000 11.027475 10.610680 -0.000000 11.459839 11.821599 0.000000 0.000000
0 0.000000 11.008771 10.589673 -0.000000 11.435669 11.799588 0.000000 0.000000
0 0.000000 10.990346 10.568965 -0.000000 11.411681 11.777761 0.000000 0.000000
0 0.000000 10.972207 10.548560 -0.000000 11.387879 11.756117 0.000000 0.000000
0 0.000000 10.954358 10.528464 -0.000000 11.364268 11.734665 0.000000 0.000000
0 0.000000 10.936803 10.508684 -0.000000 11.340852 11.713404 0.000000 0.000000
0 0.000000 10.919548 10.489224 -0.000000 11.317635 11.692340 0.000000 0.000000
0 0.000000 10.902597 10.470092 -0.000000 11.294620 11.671475 0.000000 0.000000
0 0.000000 10.885953 10.451293 -0.000000 11.271813 11.650816 0.000000 0.000000
0 0.000000 10.879880 10.443509 -0.000000 11.259338 11.638567 0.000000 0.000000
0 0.000000 10.873971 10.435923 -0.000000 11.246835 11.626292 0.000000 0.000000
0 0.000000 10.868229 10.428535 -0.000000 11.234303 11.613991 0.000000 0.000000
0 0.000000 10.862653 10.421350 -0.000000 11.221739 11.601660 0.000000 0.000000
0 0.000000 10.857247 10.414364 -0.000000 11.209146 11.589301 0.000000 0.000000
0 0.000000 10.852009 10.407580 -0.000000 11.196524 11.576916 0.000000 0.000000
0 0.000000 10.846940 10.401004 -0.000000 11.183871 11.564504 0.000000 0.000000
0 0.000000 10.842042 10.394632 -0.000000 11.171189 11.552064 0.000000 0.000000
0 0.000000 10.837317 10.388466 -0.000000 11.158477 11.539597 0.000000 0.000000
0 0.000000 10.832762 10.382510 -0.000000 11.145736 11.527102 0.000000 0.000000
0 0.000000 10.828382 10.376762 -0.000000 11.132964 11.514579 0.000000 0.000000
0 0.000000 10.824175 10.371226 -0.000000 11.120162 11.502030 0.000000 0.000000
0 0.000000 10.820141 10.365901 -0.000000 11.107331 11.489453 0.000000 0.000000
0 0.000000 10.816282 10.360788 -0.000000 11.094472 11.476851 0.000000 0.000000
0 0.000000 10.812599 10.355888 -0.000000 11.081580 11.464220 0.000000 0.000000
0 0.000000 10.809093 10.351206 -0.000000 11.068660 11.451561 0.000000 0.000000
0 0.000000 10.805762 10.346737 -0.000000 11.055711 11.438876 0.000000 0.000000
0 0.000000 10.802610 10.342486 -0.000000 11.042729 11.426164 0.000000 0.000000
0 0.000000 10.799636 10.338450 -0.000000 11.029720 11.413424 0.000000 0.000000
0 0.000000 10.796839 10.334635 -0.000000 11.016680 11.400657 0.000000 0.000000
0 0.000000 10.794222 10.331038 -0.000000 11.003612 11.387862 0.000000 0.000000
0 0.000000 10.791782 10.327661 -0.000000 10.990511 11.375043 0.000000 0.000000
0 0.000000 10.789524 10.324505 -0.000000 10.977384 11.362194 0.000000 0.000000
0 0.000000 10.787444 10.321570 -0.000000 10.964225 11.349319 0.000000 0.000000
0 0.000000 10.785545 10.318855 -0.000000 10.951036 11.336417 0.000000 0.000000
0 0.000000 10.783827 10.316364 -0.000000 10.937818 11.323488 0.000000 0.000000
0 0.000000 10.782290 10.314097 -0.000000 10.924569 11.310532 0.000000 0.000000
0 0.000000 10.780934 10.312052 -0.000000 10.911292 11.297549 0.000000 0.000000
0 0.000000 10.779758 10.310231 -0.000000 10.897985 11.284540 0.000000 0.000000
0 0.000000 10.778766 10.308636 -0.000000 10.884646 11.271504 0.000000 0.000000
0 0.000000 10.777955 10.307263 -0.000000 10.871279 11.258441 0.000000 0.000000
0 0.000000 10.777326 10.306116 -0.000000 10.857884 11.245352 0.000000 0.000000
0 0.000000 10.776877 10.305193 -0.000000 10.844458 11.232236 0.000000 0.000000
0 0.000000 10.776612 10.304497 -0.000000 10.831001 11.219092 0.000000 0.000000
0 0.000000 10.776528 10.304025 -0.000000 10.817515 11.205923 0.000000 0.000000
0 0.000000 10.776627 10.303780 -0.000000 10.804000 11.192728 0.000000 0.000000
0 0.000000 10.776906 10.303758 -0.000000 10.790456 11.179504 0.000000 0.000000
0 0.000000 10.777369 10.303964 -0.000000 10.776880 11.166256 0.000000 0.000000
0 0.000000 10.778015 10.304395 -0.000000 10.763276 11.152981 0.000000 0.000000
0 0.000000 10.778841 10.305051 -0.000000 10.749641 11.139680 0.000000 0.000000
0 0.000000 10.779850 10.305932 -0.000000 10.735977 11.126350 0.000000 0.000000
0 0.000000 10.781039 10.307038 -0.000000 10.722284 11.112997 0.000000 0.000000
0 0.000000 10.782411 10.308370 -0.000000 10.708562 11.099616 0.000000 0.000000
0 0.000000 10.783962 10.309926 -0.000000 10.694810 11.086209 0.000000 0.000000
0 0.000000 10.785696 10.311707 -0.000000 10.681026 11.072776 0.000000 0.000000
0 0.000000 10.787610 10.313712 -0.000000 10.667214 11.059317 0.000000 0.000000
0 0.000000 10.789703 10.315939 -0.000000 10.653373 11.045831 0.000000 0.000000
0 0.000000 10.791979 10.318391 -0.000000 10.639502 11.032319 0.000000 0.000000
0 0.000000 10.794433 10.321065 -0.000000 10.625601 11.018782 0.000000 0.000000
0 0.000000 10.797066 10.323960 -0.000000 10.611670 11.005218 0.000000 0.000000
0 0.000000 10.799876 10.327077 -0.000000 10.597711 10.991629 0.000000 0.000000
0 0.000000 10.802867 10.330414 -0.000000 10.583721 10.978012 0.000000 0.000000
0 0.000000 10.802259 10.329793 -0.000000 10.572012 10.968598 0.000000 0.000000
0 0.000000 10.801663 10.329183 -0.000000 10.560466 10.959329 0.000000 0.000000
0 0.000000 10.801079 10.328586 -0.000000 10.549088 10.950203 0.000000 0.000000
0 0.000000 10.800507 10.328001 -0.000000 10.537874 10.941222 0.000000 0.000000
0 0.000000 10.799944 10.327426 -0.000000 10.526833 10.932390 0.000000 0.000000
0 0.000000 10.799396 10.326865 -0.000000 10.515961 10.923706 0.000000 0.000000
0 0.000000 10.798856 10.326316 -0.000000 10.505262 10.915173 0.000000 0.000000
0 0.000000 10.798328 10.325779 -0.000000 10.494740 10.906790 0.000000 0.000000
0 0.000000 10.797812 10.325253 -0.000000 10.484394 10.898561 0.000000 0.000000
0 0.000000 10.797307 10.324739 -0.000000 10.474227 10.890484 0.000000 0.000000
0 0.000000 10.796813 10.324238 -0.000000 10.464239 10.882562 0.000000 0.000000
0 0.000000 10.796330 10.323749 -0.000000 10.454435 10.874796 0.000000 0.000000
0 0.000000 10.795860 10.323271 -0.000000 10.444814 10.867188 0.000000 0.000000
0 0.000000 10.795401 10.322806 -0.000000 10.435378 10.859735 0.000000 0.000000
0 0.000000 10.794953 10.322352 -0.000000 10.426129 10.852444 0.000000 0.000000
0 0.000000 10.794518 10.321912 -0.000000 10.417069 10.845312 0.000000 0.000000
0 0.000000 10.794091 10.321482 -0.000000 10.408202 10.838342 0.000000 0.000000
0 0.000000 10.793679 10.321067 -0.000000 10.399525 10.831535 0.000000 0.000000
0 0.000000 10.793277 10.320662 -0.000000 10.391043 10.824891 0.000000 0.000000
0 0.000000 10.792887 10.320269 -0.000000 10.382757 10.818412 0.000000 0.000000
0 0.000000 10.792509 10.319889 -0.000000 10.374667 10.812099 0.000000 0.000000
0 0.000000 10.792142 10.319521 -0.000000 10.366776 10.805951 0.000000 0.000000
0 0.000000 10.791786 10.319166 -0.000000 10.359085 10.799972 0.000000 0.000000
0 0.000000 10.791442 10.318823 -0.000000 10.351596 10.794160 0.000000 0.000000
0 0.000000 10.791110 10.318492 -0.000000 10.344309 10.788518 0.000000 0.000000
0 0.000000 10.790789 10.318172 -0.000000 10.337228 10.783047 0.000000 0.000000
0 0.000000 10.790480 10.317865 -0.000000 10.330354 10.777746 0.000000 0.000000
0 0.000000 10.790181 10.317571 -0.000000 10.323686 10.772618 0.000000 0.000000
0 0.000000 10.789896 10.317289 -0.000000 10.317225 10.767663 0.000000 0.000000
0 0.000000 10.789621 10.317019 -0.000000 10.310976 10.762882 0.000000 0.000000
0 0.000000 10.789359 10.316761 -0.000000 10.304938 10.758275 0.000000 0.000000
0 0.000000 10.789107 10.316516 -0.000000 10.299114 10.753843 0.000000 0.000000
0 0.000000 10.792478 10.320371 -0.000000 10.284665 10.741156 0.000000 0.000000
0 0.000000 10.796241 10.324676 -0.000000 10.270617 10.728827 0.000000 0.000000
0 0.000000 0.000000 0.000000 -0.000000 10.256975 10.716863 0.000000 0.000000
0 0.000000 0.000000 0.000000 -0.000000 10.243743 10.705266 0.000000 0.000000
0 0.000000 0.000000 0.000000 -0.000000 10.235562 10.697475 0.000000 0.000000
0 0.000000 0.000000 0.000000 -0.000000 10.227383 10.689688 0.000000 0.000000
0 0.000000 0.000000 0.000000 -0.000000 10.219202 10.681899 0.000000 0.000000
0 0.000000 0.000000 0.000000 -0.000000 10.211022 10.674115 0.000000 0.000000
0 0.000000 0.000000 0.000000 -0.000000 10.202845 10.666332 0.000000 0.000000
0 0.000000 0.000000 0.000000 -0.000000 10.194667 10.658552 0.000000 0.000000
0 0.000000 0.000000 0.000000 -0.000000 10.186491 10.650775 0.000000 0.000000
0 0.000000 0.000000 0.000000 -0.000000 10.178316 10.642999 0.000000 0.000000
0 0.000000 0.000000 0.000000 -0.000000 10.170143 10.635227 0.000000 0.000000
0 0.000000 0.000000 0.000000 -0.000000 10.161971 10.627457 0.000000 0.000000
0 0.000000 0.000000 0.000000 -0.000000 10.153801 10.619691 0.000000 0.000000
0 0.000000 0.000000 0.000000 -0.000000 10.145635 10.611929 0.000000 0.000000
0 0.000000 0.000000 0.000000 -0.000000 10.137469 10.604171 0.000000 0.000000
0 0.000000 0.000000 0.000000 -0.000000 10.129306 10.596414 0.000000 0.000000
0 0.000000 0.000000 0.000000 -0.000000 10.121146 10.588663 0.000000 0.000000
0 0.000000 0.000000 0.000000 -0.000000 10.112988 10.580916 0.000000 0.000000
0 0.000000 0.000000 0.000000 -0.000000 10.104835 10.573173 0.000000 0.000000
0 0.000000 0.000000 0.000000 -0.000000 10.096683 10.565434 0.000000 0.000000
0 0.000000 0.000000 0.000000 -0.000000 10.088535 10.557701 0.000000 0.000000
0 0.000000 0.000000 0.000000 -0.000000 10.080390 10.549971 0.000000 0.000000
0 0.000000 0.000000 0.000000 -0.000000 10.072248 10.542248 0.000000 0.000000
0 0.000000 0.000000 0.000000 -0.000000 10.064113 10.534528 0.000000 0.000000
0 0.000000 0.000000 0.000000 -0.000000 10.055981 10.526814 0.000000 0.000000
0 0.000000 0.000000 0.000000 -0.000000 10.047852 10.519107 0.000000 0.000000
0 0.000000 0.000000 0.000000 -0.000000 10.039727 10.511404 0.000000 0.000000
0 0.000000 0.000000 0.000000 -0.000000 10.031608 10.503706 0.000000 0.000000
0 0.000000 0.000000 0.000000 -0.000000 10.023493 10.496015 0.000000 0.000000
0 0.000000 0.000000 0.000000 -0.000000 10.015382 10.488330 0.000000 0.000000
0 0.000000 0.000000 0.000000 -0.000000 10.007277 10.480652 0.000000 0.000000
0 0.000000 0.000000 0.000000 -0.000000 9.999179 10.472980 0.000000 0.000000
0 0.000000 0.000000 0.000000 -0.000000 9.991085 10.465316 0.000000 0.000000
0 0.000000 0.000000 0.000000 -0.000000 9.982998 10.457658 0.000000 0.000000
0 0.000000 0.000000 0.000000 -0.000000 9.974916 10.450007 0.000000 0.000000
0 0.000000 0.000000 0.000000 -0.000000 9.974916 10.450007 0.000000 0.000000
0 0.000000 0.000000 0.000000 -0.000000 9.974916 10.450007 0.000000 0.000000
0 0.000000 0.000000 0.000000 -0.000000 9.974916 10.450007 0.000000 0.000000
0 0.000000 0.000000 0.000000 -0.000000 9.974916 10.450007 0.000000 0.000000
0 0.000000 0.000000 0.000000 -0.000000 9.974916 10.450007 0.000000 0.000000
0 0.000000 0.000000 0.000000 -0.000000 9.974916 10.450007 0.000000 0.000000
0 0.000000 0.000000 0.000000 -0.000000 9.974916 10.450007 0.000000 0.000000
0 0.000000 0.000000 0.000000 -0.000000 9.974916 10.450007 0.000000 0.000000
0 0.000000 0.000000 0.000000 -0.000000 9.974916 10.450007 0.000000 0.000000
0 0.000000 0.000000 0.000000 -0.000000 9.974916 10.450007 0.000000 0.000000
0 0.000000 0.000000 0.000000 -0.000000 9.962458 10.439175 0.000000 0.000000
0 0.000000 0.000000 0.000000 -0.000000 9.950459 10.428749 0.000000 0.000000
0 0.000000 0.000000 0.000000 -0.000000 9.938926 10.418735 0.000000 0.000000
0 0.000000 0.000000 0.000000 -0.000000 9.927864 10.409134 0.000000 0.000000
0 0.000000 0.000000 0.000000 -0.000000 9.917277 10.399952 0.000000 0.000000
0 0.000000 0.000000 0.000000 -0.000000 9.907171 10.391191 0.000000 0.000000
0 0.000000 0.000000 0.000000 -0.000000 9.897550 10.382854 0.000000 0.000000
0 0.000000 0.000000 0.000000 -0.000000 9.888417 10.374945 0.000000 0.000000
0 0.000000 0.000000 0.000000 -0.000000 9.879778 10.367467 0.000000 0.000000
0 0.000000 0.000000 0.000000 -0.000000 9.871634 10.360422 0.000000 0.000000
0 0.000000 0.000000 0.000000 -0.000000 9.863994 10.353812 0.000000 0.000000
0 0.000000 0.000000 0.000000 -0.000000 9.856857 10.347643 0.000000 0.000000
0 0.000000 0.000000 0.000000 -0.000000 9.850227 10.341913 0.000000 0.000000
0 0.000000 0.000000 0.000000 -0.000000 9.844109 10.336628 0.000000 0.000000
0 0.000000 0.000000 0.000000 -0.000000 9.838503 10.331787 0.000000 0.000000
0 0.000000 0.000000 0.000000 -0.000000 9.833414 10.327394 0.000000 0.000000
0 0.000000 0.000000 0.000000 -0.000000 9.829031 10.323256 0.000000 0.000000
0 0.000000 0.000000 0.000000 -0.000000 9.824667 10.319140 0.000000 0.000000
0 0.000000 0.000000 0.000000 -0.000000 9.820324 10.315042 0.000000 0.000000
0 0.000000 0.000000 0.000000 -0.000000 9.816000 10.310963 0.000000 0.000000
0 0.000000 0.000000 0.000000 -0.000000 9.811697 10.306903 0.000000 0.000000
0 0.000000 0.000000 0.000000 -0.000000 9.807414 10.302863 0.000000 0.000000
0 0.000000 0.000000 0.000000 -0.000000 9.803113 10.299155 0.000000 0.000000
0 0.000000 0.000000 0.000000 -0.000000 9.799337 10.295899 0.000000 0.000000
0 0.000000 0.000000 0.000000 -0.000000 9.796091 10.293099 0.000000 0.000000
0 0.000000 0.000000 0.000000 -0.000000 9.793371 10.290756 0.000000 0.000000
0 0.000000 0.000000 0.000000 -0.000000 9.791184 10.288871 0.000000 0.000000
0 0.000000 0.000000 0.000000 -0.000000 9.789528 10.287443 0.000000 0.000000
0 0.000000 0.000000 0.000000 -0.000000 9.788403 10.286474 0.000000 0.000000
0 0.000000 0.000000 0.000000 -0.000000 9.787811 10.285965 0.000000 0.000000
0 -0.000000 0.000000 0.000000 -0.000000 9.787754 10.285914 0.000000 0.000000
0 -0.000000 0.000000 0.000000 -0.000000 9.798903 10.296270 0.000000 0.000000
0 -0.000000 0.000000 0.000000 -0.000000 9.800914 10.298005 0.000000 0.000000
0 -0.000000 0.000000 0.000000 -0.000000 9.803455 10.300195 0.000000 0.000000
0 -0.000000 0.000000 0.000000 -0.000000 9.806524 10.302842 0.000000 0.000000
0 -0.000000 0.000000 0.000000 -0.000000 9.810121 10.305943 0.000000 0.000000
0 -0.000000 0.000000 0.000000 -0.000000 9.814242 10.309498 0.000000 0.000000
0 -0.000000 0.000000 0.000000 -0.000000 9.818886 10.313505 0.000000 0.000000
0 -0.000000 0.000000 0.000000 -0.000000 0.000000 0.000000 0.000000 0.000000
0 -0.000000 0.000000 0.000000 -0.000000 0.000000 0.000000 0.000000 0.000000
0 -0.000000 0.000000 0.000000 -0.000000 0.000000 0.000000 0.000000 0.000000
0 -0.000000 0.000000 0.000000 -0.000000 0.000000 0.000000 0.000000 0.000000
0 -0.000000 0.000000 0.000000 -0.000000 0.000000 0.000000 0.000000 0.000000
0 -0.000000 0.000000 0.000000 -0.000000 0.000000 0.000000 0.000000 0.000000
0 -0.000000 0.000000 0.000000 -0.000000 0.000000 0.000000 0.000000 0.000000
0 -0.000000 0.000000 0.000000 -0.000000 0.000000 0.000000 0.000000 0.000000
0 -0.000000 0.000000 0.000000 -0.000000 0.000000 0.000000 0.000000 0.000000
0 -0.000000 0.000000 0.000000 -0.000000 0.000000 0.000000 0.000000 0.000000
0 -0.000000 0.000000 0.000000 -0.000000 0.000000 0.000000 0.000000 0.000000
0 -0.000000 0.000000 0.000000 -0.000000 0.000000 0.000000 0.000000 0.000000
0 -0.000000 0.000000 0.000000 -0.000000 0.000000 0.000000 0.000000 0.000000
0 -0.000000 0.000000 0.000000 -0.000000 0.000000 0.000000 0.000000 0.000000
0 -0.000000 0.000000 0.000000 -0.000000 0.000000 0.000000 0.000000 0.000000
0 -0.000000 0.000000 0.000000 -0.000000 0.000000 0.000000 0.000000 0.000000
0 -0.000000 0.000000 0.000000 -0.000000 0.000000 0.000000 0.000000 0.000000
0 -0.000000 0.000000 0.000000 -0.000000 0.000000 0.000000 0.000000 0.000000
0 -0.000000 0.000000 0.000000 -0.000000 0.000000 0.000000 0.000000 0.000000
0 -0.000000 0.000000 0.000000 -0.000000 0.000000 0.000000 0.000000 0.000000
0 -0.000000 0.000000 0.000000 -0.000000 0.000000 0.000000 0.000000 0.000000
0 -0.000000 0.000000 0.000000 -0.000000 0.000000 0.000000 0.000000 0.000000
0 -0.000000 0.000000 0.000000 -0.000000 0.000000 0.000000 0.000000 0.000000
0 -0.000000 0.000000 0.000000 -0.000000 0.000000 0.000000 0.000000 0.000000
0 -0.000000 0.000000 0.000000 -0.000000 0.000000 0.000000 0.000000 0.000000
0 -0.000000 0.000000 0.000000 -0.000000 0.000000 0.000000 0.000000 0.000000
0 -0.000000 0.000000 0.000000 -0.000000 0.000000 0.000000 0.000000 0.000000
0 -0.000000 0.000000 0.000000 -0.000000 0.000000 0.000000 0.000000 0.000000
0 -0.000000 0.000000 0.000000 -0.000000 0.000000 0.000000 0.000000 0.000000
0 -0.000000 0.000000 0.000000 -0.000000 0.000000 0.000000 0.000000 0.000000
0 -0.000000 0.000000 0.000000 -0.000000 0.000000 0.000000 0.000000 0.000000
0 -0.000000 0.000000 0.000000 -0.000000 0.000000 0.000000 0.000000 0.000000
0 -0.000000 0.000000 0.000000 -0.000000 0.000000 0.000000 0.000000 0.000000
0 -0.000000 0.000000 0.000000 -0.000000 0.000000 0.000000 0.000000 0.000000
0 -0.000000 0.000000 0.000000 -0.000000 0.000000 0.000000 0.000000 0.000000
0 -0.000000 0.000000 0.000000 -0.000000 0.000000 0.000000 0.000000 0.000000
0 -0.000000 0.000000 0.000000 -0.000000 0.000000 0.000000 0.000000 0.000000
0 -0.000000 0.000000 0.000000 -0.000000 0.000000 0.000000 0.000000 0.000000
0 -0.000000 0.000000 0.000000 -0.000000 0.000000 0.000000 0.000000 0.000000
0 -0.000000 0.000000 0.000000 -0.000000 0.000000 0.000000 0.000000 0.000000
0 -0.000000 0.000000 0.000000 -0.000000 0.000000 0.000000 0.000000 0.000000
0 -0.000000 0.000000 0.000000 -0.000000 0.000000 0.000000 0.000000 0.000000
0 -0.000000 0.000000 0.000000 -0.000000 0.000000 0.000000 0.000000 0.000000
0 -0.000000 0.000000 0.000000 -0.000000 0.000000 0.000000 0.000000 0.000000
0 -0.000000 0.000000 0.000000 -0.000000 0.000000 0.000000 0.000000 0.000000
0 -0.000000 0.000000 0.000000 -0.000000 0.000000 0.000000 0.000000 0.000000
0 -0.000000 0.000000 0.000000 -0.000000 0.000000 0.000000 0.000000 0.000000
0 -0.000000 0.000000 0.000000 -0.000000 0.000000 0.000000 0.000000 0.000000
0 -0.000000 0.000000 0.000000 -0.000000 0.000000 0.000000 0.000000 0.000000
0 -0.000000 0.000000 0.000000 -0.000000 0.000000 0.000000 0.000000 0.000000
0 -0.000000 0.000000 0.000000 -0.000000 0.000000 0.000000 0.000000 0.000000
0 -0.000000 0.000000 0.000000 -0.000000 0.000000 0.000000 0.000000 0.000000
0 -0.000000 0.000000 0.000000 -0.000000 0.000000 0.000000 0.000000 0.000000
0 -0.000000 0.000000 0.000000 -0.000000 0.000000 0.000000 0.000000 0.000000
0 -0.000000 0.000000 0.000000 -0.000000 0.000000 0.000000 0.000000 0.000000
0 -0.000000 0.000000 0.000000 -0.000000 0.000000 0.000000 0.000000 0.000000
0 -0.000000 0.000000 0.000000 -0.000000 0.000000 0.000000 0.000000 0.000000
0 -0.000000 0.000000 0.000000 -0.000000 0.000000 0.000000 0.000000 0.000000
0 -0.000000 0.000000 0.000000 -0.000000 0.000000 0.000000 0.000000 0.000000
0 -0.000000 0.000000 0.000000 -0.000000 0.000000 0.000000 0.000000 0.000000
0 -0.000000 0.000000 0.000000 -0.000000 0.000000 0.000000 0.000000 0.000000
0 -0.000000 0.000000 0.000000 -0.000000 0.000000 0.000000 0.000000 0.000000
0 -0.000000 0.000000 0.000000 -0.000000 0.000000 0.000000 0.000000 0.000000
0 -0.000000 0.000000 0.000000 -0.000000 0.000000 0.000000 0.000000 0.000000
0 -0.000000 0.000000 0.000000 -0.000000 0.000000 0.000000 0.000000 0.000000
0 -0.000000 0.000000 0.000000 -0.000000 0.000000 0.000000 0.000000 0.000000
0 -0.000000 0.000000 0.000000 -0.000000 0.000000 0.000000 0.000000 0.000000
0 -0.000000 0.000000 0.000000 -0.000000 0.000000 0.000000 0.000000 0.000000
0 -0.000000 0.000000 0.000000 -0.000000 0.000000 0.000000 0.000000 0.000000
0 -0.000000 0.000000 0.000000 -0.000000 0.000000 0.000000 0.000000 0.000000
0 -0.000000 0.000000 0.000000 -0.000000 0.000000 0.000000 0.000000 0.000000
0 -0.000000 0.000000 0.000000 -0.000000 0.000000 0.000000 0.000000 0.000000
0 -0.000000 0.000000 0.000000 -0.000000 0.000000 0.000000 0.000000 0.000000
0 -0.000000 0.000000 0.000000 -0.000000 0.000000 0.000000 0.000000 0.000000
0 -0.000000 0.000000 0.000000 -0.000000 0.000000 0.000000 0.000000 0.000000
0 -0.000000 0.000000 0.000000 0.000000 0.000000 0.000000 0.000000 0.000000
0 -0.000000 0.000000 0.000000 0.000000 0.000000 0.000000 0.000000 0.000000
0 -0.000000 0.000000 0.000000 0.000000 0.000000 0.000000 0.000000 0.000000
0 -0.000000 0.000000 0.000000 0.000000 0.000000 0.000000 0.000000 0.000000
0 -0.000000 0.000000 0.000000 0.000000 0.000000 0.000000 0.000000 0.000000
0 -0.000000 0.000000 0.000000 0.000000 0.000000 0.000000 0.000000 0.000000
0 -0.000000 0.000000 0.000000 0.000000 0.000000 0.000000 0.000000 0.000000
0 0.000000 0.000000 0.000000 0.000000 0.000000 0.000000 0.000000 0.000000
0 0.000000 0.000000 0.000000 0.000000 0.000000 0.000000 0.000000 0.000000
0 0.000000 0.000000 0.000000 0.000000 0.000000 0.000000 0.000000 0.000000
0 0.000000 0.000000 0.000000 0.000000 0.000000 0.000000 0.000000 0.000000
0 0.000000 0.000000 0.000000 0.000000 0.000000 0.000000 0.000000 0.000000
0 0.000000 0.000000 0.000000 0.000000 0.000000 0.000000 0.000000 0.000000
0 0.000000 0.000000 0.000000 0.000000 0.000000 0.000000 0.000000 0.000000
0 0.000000 0.000000 0.000000 0.000000 0.000000 0.000000 0.000000 0.000000
0 0.000000 0.000000 0.000000 0.000000 0.000000 0.000000 0.000000 0.000000
0 0.000000 0.000000 0.000000 0.000000 0.000000 0.000000 0.000000 0.000000
0 0.000000 0.000000 0.000000 0.000000 0.000000 0.000000 0.000000 0.000000
0 0.000000 0.000000 0.000000 0.000000 0.000000 0.000000 0.000000 0.000000
0 0.000000 0.000000 0.000000 0.000000 0.000000 0.000000 0.000000 0.000000
0 0.000000 0.000000 0.000000 0.000000 0.000000 0.000000 0.000000 0.000000
0 0.000000 0.000000 0.000000 0.000000 0.000000 0.000000 0.000000 0.000000
0 0.000000 0.000000 0.000000 0.000000 0.000000 0.000000 0.000000 0.000000
0 0.000000 0.000000 0.000000 0.000000 0.000000 0.000000 0.000000 0.000000
0 0.000000 0.000000 0.000000 0.000000 0.000000 0.000000 0.000000 0.000000
0 0.000000 0.000000 0.000000 0.000000 0.000000 0.000000 0.000000 0.000000
0 0.000000 0.000000 0.000000 0.000000 0.000000 0.000000 0.000000 0.000000
0 0.000000 0.000000 0.000000 0.000000 0.000000 0.000000 0.000000 0.000000
0 0.000000 0.000000 0.000000 0.000000 0.000000 0.000000 0.000000 0.000000
0 0.000000 0.000000 0.000000 0.000000 0.000000 0.000000 0.000000 0.000000
0 0.000000 0.000000 0.000000 0.000000 0.000000 0.000000 0.000000 0.000000
0 0.000000 0.000000 0.000000 0.000000 0.000000 0.000000 0.000000 0.000000
0 0.000000 0.000000 0.000000 0.000000 0.000000 0.000000 0.000000 0.000000
0 0.000000 0.000000 0.000000 0.000000 0.000000 0.000000 0.000000 0.000000
0 0.000000 0.000000 0.000000 0.000000 0.000000 0.000000 0.000000 0.000000
0 0.000000 0.000000 0.000000 0.000000 0.000000 0.000000 0.000000 0.000000
0 0.000000 0.000000 0.000000 0.000000 0.000000 0.000000 0.000000 0.000000
0 0.000000 0.000000 0.000000 0.000000 0.000000 0.000000 0.000000 0.000000
0 0.000000 0.000000 0.000000 0.000000 0.000000 0.000000 0.000000 0.000000
0 0.000000 0.000000 0.000000 0.000000 0.000000 0.000000 0.000000 0.000000
0 0.000000 0.000000 0.000000 0.000000 0.000000 0.000000 0.000000 0.000000
0 0.000000 0.000000 0.000000 0.000000 0.000000 0.000000 0.000000 0.000000
0 0.000000 0.000000 0.000000 0.000000 0.000000 0.000000 0.000000 0.000000
0 0.000000 0.000000 0.000000 0.000000 0.000000 0.000000 0.000000 0.000000
0 0.000000 0.000000 0.000000 0.000000 0.000000 0.000000 0.000000 0.000000
0 0.000000 0.000000 0.000000 0.000000 0.000000 0.000000 0.000000 0.000000
0 0.000000 0.000000 0.000000 0.000000 0.000000 0.000000 0.000000 0.000000
0 0.000000 0.000000 0.000000 0.000000 0.000000 0.000000 0.000000 0.000000
0 0.000000 0.000000 0.000000 0.000000 0.000000 0.000000 0.000000 0.000000
0 0.000000 0.000000 0.000000 0.000000 0.000000 0.000000 0.000000 0.000000
0 0.000000 0.000000 0.000000 0.000000 0.000000 0.000000 0.000000 0.000000
0 0.000000 0.000000 0.000000 0.000000 0.000000 0.000000 0.000000 0.000000
0 0.000000 0.000000 0.000000 0.000000 0.000000 0.000000 0.000000 0.000000
0 0.000000 0.000000 0.000000 0.000000 0.000000 0.000000 0.000000 0.000000
0 0.000000 0.000000 0.000000 0.000000 0.000000 0.000000 0.000000 0.000000
0 0.000000 0.000000 0.000000 0.000000 0.000000 0.000000 0.000000 0.000000
0 0.000000 0.000000 0.000000 0.000000 0.000000 0.000000 0.000000 0.000000
0 0.000000 0.000000 0.000000 0.000000 0.000000 0.000000 0.000000 0.000000
0 0.000000 0.000000 0.000000 0.000000 0.000000 0.000000 0.000000 0.000000
0 0.000000 0.000000 0.000000 0.000000 0.000000 0.000000 0.000000 0.000000
0 0.000000 0.000000 0.000000 0.000000 0.000000 0.000000 0.000000 0.000000
0 0.000000 0.000000 0.000000 0.000000 0.000000 0.000000 0.000000 0.000000
0 0.000000 0.000000 0.000000 0.000000 0.000000 0.000000 0.000000 0.000000
0 0.000000 0.000000 0.000000 0.000000 0.000000 0.000000 0.000000 0.000000
0 0.000000 0.000000 0.000000 0.000000 0.000000 0.000000 0.000000 0.000000
0 0.000000 0.000000 0.000000 0.000000 0.000000 0.000000 0.000000 0.000000
0 0.000000 0.000000 0.000000 0.000000 0.000000 0.000000 0.000000 0.000000
0 0.000000 0.000000 0.000000 0.000000 0.000000 0.000000 0.000000 0.000000
0 0.000000 0.000000 0.000000 0.000000 0.000000 0.000000 0.000000 0.000000
0 0.000000 0.000000 0.000000 0.000000 0.000000 0.000000 0.000000 0.000000
0 0.000000 0.000000 0.000000 0.000000 0.000000 0.000000 0.000000 0.000000
0 0.000000 0.000000 0.000000 0.000000 0.000000 0.000000 0.000000 0.000000
0 0.000000 0.000000 0.000000 0.000000 0.000000 0.000000 0.000000 0.000000
0 0.000000 0.000000 0.000000 0.000000 0.000000 0.000000 0.000000 0.000000
0 0.000000 0.000000 0.000000 0.000000 0.000000 0.000000 0.000000 0.000000
0 0.000000 0.000000 0.000000 0.000000 0.000000 0.000000 0.000000 0.000000
0 0.000000 0.000000 0.000000 0.000000 0.000000 0.000000 0.000000 0.000000
0 0.000000 0.000000 0.000000 0.000000 0.000000 0.000000 0.000000 0.000000
0 0.000000 0.000000 0.000000 0.000000 0.000000 0.000000 0.000000 0.000000
0 0.000000 0.000000 0.000000 0.000000 0.000000 0.000000 0.000000 0.000000
0 0.000000 0.000000 0.000000 0.000000 0.000000 0.000000 0.000000 0.000000
0 0.000000 0.000000 0.000000 0.000000 0.000000 0.000000 0.000000 0.000000
0 0.000000 0.000000 0.000000 0.000000 0.000000 0.000000 0.000000 0.000000
0 0.000000 0.000000 0.000000 0.000000 0.000000 0.000000 0.000000 0.000000
0 0.000000 0.000000 0.000000 0.000000 0.000000 0.000000 0.000000 0.000000
0 0.000000 0.000000 0.000000 0.000000 0.000000 0.000000 0.000000 0.000000
0 0.000000 0.000000 0.000000 0.000000 0.000000 0.000000 0.000000 0.000000
0 0.000000 0.000000 0.000000 0.000000 0.000000 0.000000 0.000000 0.000000
0 0.000000 0.000000 0.000000 0.000000 0.000000 0.000000 0.000000 0.000000
0 0.000000 0.000000 0.000000 0.000000 0.000000 0.000000 0.000000 0.000000
0 0.000000 0.000000 0.000000 -0.000000 0.000000 0.000000 0.000000 0.000000
0 0.000000 0.000000 0.000000 -0.000000 0.000000 0.000000 0.000000 0.000000
0 0.000000 0.000000 0.000000 -0.000000 0.000000 0.000000 0.000000 0.000000
0 0.000000 0.000000 0.000000 -0.000000 0.000000 0.000000 0.000000 0.000000
0 0.000000 0.000000 0.000000 -0.000000 0.000000 0.000000 0.000000 0.000000
0 0.000000 0.000000 0.000000 -0.000000 0.000000 0.000000 0.000000 0.000000
0 0.000000 0.000000 0.000000 -0.000000 0.000000 0.000000 0.000000 0.000000
0 0.000000 0.000000 0.000000 -0.000000 0.000000 0.000000 0.000000 0.000000
0 -0.000000 0.000000 0.000000 -0.000000 0.000000 0.000000 0.000000 0.000000
0 -0.000000 0.000000 0.000000 -0.000000 0.000000 0.000000 0.000000 0.000000
0 -0.000000 0.000000 0.000000 -0.000000 0.000000 0.000000 0.000000 0.000000
0 -0.000000 0.000000 0.000000 -0.000000 0.000000 0.000000 0.000000 0.000000
0 -0.000000 0.000000 0.000000 -0.000000 0.000000 0.000000 0.000000 0.000000
0 -0.000000 0.000000 0.000000 -0.000000 0.000000 0.000000 0.000000 0.000000
0 -0.000000 0.000000 0.000000 -0.000000 0.000000 0.000000 0.000000 0.000000
0 -0.000000 0.000000 0.000000 -0.000000 0.000000 0.000000 0.000000 0.000000
0 -0.000000 0.000000 0.000000 -0.000000 0.000000 0.000000 0.000000 0.000000
0 -0.000000 0.000000 0.000000 -0.000000 0.000000 0.000000 0.000000 0.000000
0 -0.000000 0.000000 0.000000 -0.000000 0.000000 0.000000 0.000000 0.000000
0 -0.000000 0.000000 0.000000 -0.000000 0.000000 0.000000 0.000000 0.000000
0 -0.000000 0.000000 0.000000 -0.000000 0.000000 0.000000 0.000000 0.000000
0 -0.000000 0.000000 0.000000 -0.000000 0.000000 0.000000 0.000000 0.000000
0 -0.000000 0.000000 0.000000 -0.000000 0.000000 0.000000 0.000000 0.000000
0 -0.000000 0.000000 0.000000 -0.000000 0.000000 0.000000 0.000000 0.000000
0 -0.000000 0.000000 0.000000 -0.000000 0.000000 0.000000 0.000000 0.000000
0 -0.000000 0.000000 0.000000 -0.000000 0.000000 0.000000 0.000000 0.000000
0 -0.000000 0.000000 0.000000 -0.000000 0.000000 0.000000 0.000000 0.000000
0 -0.000000 0.000000 0.000000 -0.000000 0.000000 0.000000 0.000000 0.000000
0 -0.000000 0.000000 0.000000 -0.000000 0.000000 0.000000 0.000000 0.000000
0 -0.000000 0.000000 0.000000 -0.000000 0.000000 0.000000 0.000000 0.000000
0 -0.000000 0.000000 0.000000 -0.000000 0.000000 0.000000 0.000000 0.000000
0 -0.000000 0.000000 0.000000 -0.000000 0.000000 0.000000 0.000000 0.000000
0 -0.000000 0.000000 0.000000 -0.000000 0.000000 0.000000 0.000000 0.000000
0 -0.000000 0.000000 0.000000 -0.000000 0.000000 0.000000 0.000000 0.000000
0 -0.000000 0.000000 0.000000 -0.000000 0.000000 0.000000 0.000000 0.000000
0 -0.000000 0.000000 0.000000 -0.000000 0.000000 0.000000 0.000000 0.000000
0 -0.000000 0.000000 0.000000 -0.000000 0.000000 0.000000 0.000000 0.000000
0 -0.000000 0.000000 0.000000 -0.000000 0.000000 0.000000 0.000000 0.000000
0 -0.000000 0.000000 0.000000 -0.000000 0.000000 0.000000 0.000000 0.000000
0 -0.000000 0.000000 0.000000 -0.000000 0.000000 0.000000 0.000000 0.000000
0 -0.000000 0.000000 0.000000 -0.000000 0.000000 0.000000 0.000000 0.000000
0 -0.000000 0.000000 0.000000 -0.000000 0.000000 0.000000 0.000000 0.000000
0 -0.000000 0.000000 0.000000 -0.000000 0.000000 0.000000 0.000000 0.000000
0 -0.000000 0.000000 0.000000 -0.000000 0.000000 0.000000 0.000000 0.000000
0 -0.000000 0.000000 0.000000 -0.000000 0.000000 0.000000 0.000000 0.000000
0 -0.000000 0.000000 0.000000 -0.000000 0.000000 0.000000 0.000000 0.000000
0 -0.000000 0.000000 0.000000 -0.000000 0.000000 0.000000 0.000000 0.000000
0 -0.000000 0.000000 0.000000 -0.000000 0.000000 0.000000 0.000000 0.000000
0 -0.000000 0.000000 0.000000 -0.000000 0.000000 0.000000 0.000000 0.000000
0 -0.000000 0.000000 0.000000 -0.000000 0.000000 0.000000 0.000000 0.000000
0 -0.000000 0.000000 0.000000 -0.000000 0.000000 0.000000 0.000000 0.000000
0 -0.000000 0.000000 0.000000 -0.000000 0.000000 0.000000 0.000000 0.000000
0 -0.000000 0.000000 0.000000 -0.000000 0.000000 0.000000 0.000000 0.000000
0 -0.000000 0.000000 0.000000 -0.000000 0.000000 0.000000 0.000000 0.000000
0 -0.000000 0.000000 0.000000 -0.000000 0.000000 0.000000 0.000000 0.000000
0 -0.000000 0.000000 0.000000 -0.000000 0.000000 0.000000 0.000000 0.000000
0 -0.000000 0.000000 0.000000 -0.000000 0.000000 0.000000 0.000000 0.000000
0 -0.000000 0.000000 0.000000 -0.000000 0.000000 0.000000 0.000000 0.000000
0 -0.000000 0.000000 0.000000 -0.000000 0.000000 0.000000 0.000000 0.000000
0 -0.000000 0.000000 0.000000 -0.000000 0.000000 0.000000 0.000000 0.000000
0 -0.000000 0.000000 0.000000 -0.000000 0.000000 0.000000 0.000000 0.000000
0 -0.000000 0.000000 0.000000 -0.000000 0.000000 0.000000 0.000000 0.000000
0 -0.000000 0.000000 0.000000 -0.000000 0.000000 0.000000 0.000000 0.000000
0 -0.000000 0.000000 0.000000 -0.000000 0.000000 0.000000 0.000000 0.000000
0 -0.000000 0.000000 0.000000 -0.000000 0.000000 0.000000 0.000000 0.000000
0 -0.000000 0.000000 0.000000 -0.000000 0.000000 0.000000 0.000000 0.000000
0 -0.000000 0.000000 0.000000 -0.000000 0.000000 0.000000 0.000000 0.000000
0 -0.000000 0.000000 0.000000 -0.000000 0.000000 0.000000 0.000000 0.000000
0 -0.000000 0.000000 0.000000 -0.000000 0.000000 0.000000 0.000000 0.000000
0 -0.000000 0.000000 0.000000 -0.000000 0.000000 0.000000 0.000000 0.000000
0 -0.000000 0.000000 0.000000 -0.000000 0.000000 0.000000 0.000000 0.000000
0 -0.000000 0.000000 0.000000 -0.000000 0.000000 0.000000 0.000000 0.000000
0 -0.000000 0.000000 0.000000 -0.000000 0.000000 0.000000 0.000000 0.000000
0 -0.000000 0.000000 0.000000 -0.000000 0.000000 0.000000 0.000000 0.000000
0 -0.000000 0.000000 0.000000 -0.000000 0.000000 0.000000 0.000000 0.000000
0 -0.000000 0.000000 0.000000 -0.000000 0.000000 0.000000 0.000000 0.000000
0 -0.000000 0.000000 0.000000 -0.000000 0.000000 0.000000 0.000000 0.000000
0 -0.000000 0.000000 0.000000 -0.000000 0.000000 0.000000 0.000000 0.000000
0 -0.000000 0.000000 0.000000 -0.000000 0.000000 0.000000 0.000000 0.000000
0 -0.000000 0.000000 0.000000 -0.000000 0.000000 0.000000 0.000000 0.000000
0 -0.000000 0.000000 0.000000 -0.000000 0.000000 0.000000 0.000000 0.000000
0 -0.000000 0.000000 0.000000 -0.000000 0.000000 0.000000 0.000000 0.000000
0 -0.000000 0.000000 0.000000 -0.000000 0.000000 0.000000 0.000000 0.000000
0 -0.000000 0.000000 0.000000 -0.000000 0.000000 0.000000 0.000000 0.000000
0 -0.000000 0.000000 0.000000 -0.000000 0.000000 0.000000 0.000000 0.000000
0 -0.000000 0.000000 0.000000 -0.000000 0.000000 0.000000 0.000000 0.000000
0 -0.000000 0.000000 0.000000 -0.000000 0.000000 0.000000 0.000000 0.000000
0 -0.000000 0.000000 0.000000 -0.000000 0.000000 0.000000 0.000000 0.000000
0 -0.000000 0.000000 0.000000 -0.000000 0.000000 0.000000 0.000000 0.000000
0 -0.000000 0.000000 0.000000 -0.000000 0.000000 0.000000 0.000000 0.000000
0 -0.000000 0.000000 0.000000 -0.000000 0.000000 0.000000 0.000000 0.000000
0 -0.000000 0.000000 0.000000 0.000000 0.000000 0.000000 0.000000 0.000000
0 -0.000000 0.000000 0.000000 0.000000 0.000000 0.000000 0.000000 0.000000
0 -0.000000 0.000000 0.000000 0.000000 0.000000 0.000000 0.000000 0.000000
0 -0.000000 0.000000 0.000000 0.000000 0.000000 0.000000 0.000000 0.000000
0 -0.000000 0.000000 0.000000 0.000000 0.000000 0.000000 0.000000 0.000000
0 -0.000000 0.000000 0.000000 0.000000 0.000000 0.000000 0.000000 0.000000
0 -0.000000 0.000000 0.000000 0.000000 0.000000 0.000000 0.000000 0.000000
0 0.000000 0.000000 0.000000 0.000000 0.000000 0.000000 0.000000 0.000000
0 0.000000 13.843326 13.586823 0.000000 0.000000 0.000000 0.000000 0.000000
0 0.000000 13.841774 13.607506 0.000000 0.000000 0.000000 0.000000 0.000000
0 0.000000 13.843207 13.632525 0.000000 0.000000 0.000000 0.000000 0.000000
0 0.000000 13.847638 13.661591 0.000000 0.000000 0.000000 0.000000 0.000000
0 0.000000 13.855040 13.694366 0.000000 0.000000 0.000000 0.000000 0.000000
0 0.000000 13.865335 13.730479 0.000000 0.000000 0.000000 0.000000 0.000000
0 0.000000 13.878406 13.769528 0.000000 0.000000 0.000000 0.000000 0.000000
0 0.000000 13.894107 13.811105 0.000000 0.000000 0.000000 0.000000 0.000000
0 0.000000 13.912264 13.854793 0.000000 12.131371 11.711969 0.000000 0.000000
0 0.000000 13.932674 13.900187 0.000000 12.106442 11.687171 0.000000 0.000000
0 0.000000 13.955127 13.946899 0.000000 12.084214 11.667370 0.000000 0.000000
0 0.000000 13.979395 13.994560 0.000000 12.064830 11.652570 0.000000 0.000000
0 0.000000 14.005252 14.042831 0.000000 12.048398 11.642714 0.000000 0.000000
0 0.000000 14.032469 14.091394 0.000000 12.034987 11.637684 0.000000 0.000000
0 0.000000 14.032714 14.090960 0.000000 12.035771 11.638218 0.000000 0.000000
0 0.000000 14.032961 14.090523 0.000000 12.036559 11.638757 0.000000 0.000000
0 0.000000 14.031326 14.088223 0.000000 12.036631 11.638506 0.000000 0.000000
0 0.000000 14.028155 14.084405 0.000000 12.036134 11.637621 0.000000 0.000000
0 0.000000 14.024377 14.079991 0.000000 12.035420 11.636507 0.000000 0.000000
0 0.000000 14.020068 14.075055 0.000000 12.034527 11.635191 0.000000 0.000000
0 0.000000 14.015297 14.069669 0.000000 12.033477 11.633710 0.000000 0.000000
0 0.000000 14.010123 14.063894 0.000000 12.032296 11.632092 0.000000 0.000000
0 0.000000 14.004609 14.057788 0.000000 12.031010 11.630361 0.000000 0.000000
0 0.000000 13.998805 14.051411 0.000000 12.029635 11.628540 0.000000 0.000000
0 0.000000 13.992762 14.044806 0.000000 12.028193 11.626648 0.000000 0.000000
0 0.000000 13.974669 14.040587 0.000000 12.005803 11.608515 0.000000 0.000000
0 0.000000 13.950841 14.030087 0.000000 11.980742 11.587684 0.000000 0.000000
0 0.000000 13.921200 14.013281 0.000000 11.952565 11.563597 0.000000 0.000000
0 0.000000 13.885726 13.990191 0.000000 11.920904 11.535768 0.000000 0.000000
0 0.000000 13.849139 13.965477 0.000000 11.887939 11.506555 0.000000 0.000000
0 0.000000 13.813326 13.940990 0.000000 11.854688 11.477028 0.000000 0.000000
0 0.000000 13.778256 13.916720 0.000000 11.821194 11.447203 0.000000 0.000000
0 0.000000 13.743901 13.892652 0.000000 11.787492 11.417085 0.000000 0.000000
0 0.000000 13.710236 13.868776 0.000000 11.753616 11.386684 0.000000 0.000000
0 0.000000 13.677227 13.845082 0.000000 11.719591 11.356010 0.000000 0.000000
0 -0.000000 13.644848 13.821563 0.000000 11.685440 11.325068 0.000000 0.000000
0 -0.000000 13.613072 13.798210 0.000000 11.651193 11.293865 0.000000 0.000000
0 -0.000000 13.581871 13.775021 0.000000 11.616860 11.262415 0.000000 0.000000
0 -0.000000 13.551221 13.751984 0.000000 11.582466 11.230718 0.000000 0.000000
0 -0.000000 13.521094 13.729101 0.000000 11.548018 11.198786 0.000000 0.000000
0 -0.000000 13.491470 13.706365 0.000000 11.513533 11.166625 0.000000 0.000000
0 -0.000000 13.462326 13.683775 0.000000 11.479021 11.134246 0.000000 0.000000
0 -0.000000 13.433640 13.661330 0.000000 11.444491 11.101651 0.000000 0.000000
0 -0.000000 13.405394 13.639028 0.000000 11.409952 11.068854 0.000000 0.000000
0 -0.000000 13.377567 13.616868 0.000000 11.375409 11.035862 0.000000 0.000000
0 -0.000000 13.350141 13.594849 0.000000 11.340869 11.002676 0.000000 0.000000
0 -0.000000 13.323103 13.572973 0.000000 11.306338 10.969309 0.000000 0.000000
0 -0.000000 13.296438 13.551243 0.000000 11.271821 10.935773 0.000000 0.000000
0 -0.000000 13.270132 13.529655 0.000000 11.237320 10.902064 0.000000 0.000000
0 -0.000000 13.244169 13.508216 0.000000 11.202837 10.868200 0.000000 0.000000
0 -0.000000 13.218544 13.486923 0.000000 11.168379 10.834184 0.000000 0.000000
0 -0.000000 13.193246 13.465780 0.000000 11.133946 10.800024 0.000000 0.000000
0 -0.000000 13.168262 13.444793 0.000000 11.099543 10.765730 0.000000 0.000000
0 -0.000000 13.143585 13.423960 0.000000 11.065164 10.731303 0.000000 0.000000
0 -0.000000 13.117763 13.399819 0.000000 11.035003 10.698349 0.000000 0.000000
0 -0.000000 13.091945 13.375582 0.000000 11.005176 10.665568 0.000000 0.000000
0 -0.000000 13.066123 13.351252 0.000000 10.975689 10.632986 0.000000 0.000000
0 -0.000000 13.040292 13.326829 0.000000 10.946556 10.600618 0.000000 0.000000
0 -0.000000 13.014444 13.302311 0.000000 10.917777 10.568480 0.000000 0.000000
0 -0.000000 12.988573 13.277699 0.000000 10.889363 10.536591 0.000000 0.000000
0 -0.000000 12.962676 13.252997 0.000000 10.861320 10.504968 0.000000 0.000000
0 -0.000000 12.936748 13.228202 0.000000 10.833660 10.473629 0.000000 0.000000
0 -0.000000 12.910782 13.203317 0.000000 10.806385 10.442594 0.000000 0.000000
0 -0.000000 12.884778 13.178343 0.000000 10.779510 10.411877 0.000000 0.000000
0 -0.000000 12.858729 13.153279 0.000000 10.753038 10.381494 0.000000 0.000000
0 -0.000000 12.832636 13.128128 0.000000 10.726977 10.351466 0.000000 0.000000
0 -0.000000 12.806493 13.102892 0.000000 10.701339 10.321807 0.000000 0.000000
0 -0.000000 12.780297 13.077572 0.000000 10.676125 10.292536 0.000000 0.000000
0 -0.000000 12.754051 13.052166 0.000000 10.651350 10.263665 0.000000 0.000000
0 -0.000000 12.727747 13.026682 0.000000 10.627018 10.235217 0.000000 0.000000
0 -0.000000 12.702190 13.002919 0.000000 10.600885 10.206039 0.000000 0.000000
0 -0.000000 12.676708 12.979209 0.000000 10.575039 10.177105 0.000000 0.000000
0 -0.000000 12.651300 12.955555 0.000000 10.549479 10.148428 0.000000 0.000000
0 -0.000000 12.637211 12.942422 0.000000 10.535426 10.132619 0.000000 0.000000
0 -0.000000 12.623888 12.929986 0.000000 10.522248 10.117754 0.000000 0.000000
0 -0.000000 12.611302 12.918220 0.000000 10.509907 10.103797 0.000000 0.000000
0 -0.000000 12.599428 12.907099 0.000000 10.498365 10.090710 0.000000 0.000000
0 -0.000000 12.588236 12.896598 0.000000 10.487582 10.078448 0.000000 0.000000
0 -0.000000 12.577695 12.886696 0.000000 10.477524 10.066981 0.000000 0.000000
0 -0.000000 12.567781 12.877364 0.000000 10.468151 10.056266 0.000000 0.000000
0 -0.000000 12.558467 12.868582 0.000000 10.459431 10.046268 0.000000 0.000000
0 -0.000000 12.549726 12.860327 0.000000 10.451326 10.036954 0.000000 0.000000
0 -0.000000 12.541533 12.852573 0.000000 10.443807 10.028285 0.000000 0.000000
0 -0.000000 12.533864 12.845300 0.000000 10.436840 10.020227 0.000000 0.000000
0 -0.000000 12.526694 12.838488 0.000000 10.430393 10.012753 0.000000 0.000000
0 -0.000000 12.519999 12.832113 0.000000 10.424438 10.005823 0.000000 0.000000
0 -0.000000 12.513758 12.826159 0.000000 10.418946 9.999414 0.000000 0.000000
0 -0.000000 12.507948 12.820602 0.000000 10.413891 9.993496 0.000000 0.000000
0 -0.000000 12.502546 12.815426 0.000000 10.409245 9.988037 0.000000 0.000000
0 -0.000000 12.497533 12.810609 0.000000 10.404984 9.983012 0.000000 0.000000
0 -0.000000 12.492890 12.806134 0.000000 10.401083 9.978395 0.000000 0.000000
0 -0.000000 12.488594 12.801984 0.000000 10.397522 9.974163 0.000000 0.000000
0 -0.000000 12.484627 12.798144 0.000000 10.394277 9.970289 0.000000 0.000000
0 -0.000000 12.480972 12.794592 0.000000 10.391327 9.966752 0.000000 0.000000
0 -0.000000 12.477612 12.791318 0.000000 10.388653 9.963531 0.000000 0.000000
0 -0.000000 12.474532 12.788302 0.000000 10.386238 9.960606 0.000000 0.000000
0 -0.000000 12.471711 12.785534 0.000000 10.384065 9.957956 0.000000 0.000000
0 -0.000000 12.469138 12.782998 0.000000 10.382115 9.955565 0.000000 0.000000
0 -0.000000 12.466795 12.780679 0.000000 10.380372 9.953415 0.000000 0.000000
0 -0.000000 12.464671 12.778565 0.000000 10.378825 9.951488 0.000000 0.000000
0 -0.000000 12.462750 12.776646 0.000000 10.377457 9.949770 0.000000 0.000000
0 -0.000000 12.461020 12.774906 0.000000 10.376253 9.948245 0.000000 0.000000
0 -0.000000 12.459468 12.773336 0.000000 10.375204 9.946898 0.000000 0.000000
0 -0.000000 12.458084 12.771927 0.000000 10.374300 9.945720 0.000000 0.000000
0 -0.000000 12.456853 12.770663 0.000000 10.373522 9.944693 0.000000 0.000000
0 -0.000000 12.455767 12.769538 0.000000 10.372867 9.943809 0.000000 0.000000
0 -0.000000 12.454816 12.768541 0.000000 10.372322 9.943055 0.000000 0.000000
0 -0.000000 12.453989 12.767666 0.000000 10.371880 9.942421 0.000000 0.000000
0 -0.000000 12.453278 12.766901 0.000000 10.371530 9.941898 0.000000 0.000000
0 -0.000000 12.452671 12.766236 0.000000 10.371263 9.941476 0.000000 0.000000
0 -0.000000 12.452164 12.765672 0.000000 10.371073 9.941149 0.000000 0.000000
0 -0.000000 12.451749 12.765193 0.000000 10.370955 9.940904 0.000000 0.000000
0 -0.000000 12.451415 12.764794 0.000000 10.370898 9.940736 0.000000 0.000000
0 -0.000000 12.451159 12.764472 0.000000 10.370901 9.940638 0.000000 0.000000
0 -0.000000 12.450971 12.764217 0.000000 10.370954 9.940603 0.000000 0.000000
0 -0.000000 12.450848 12.764027 0.000000 10.371055 9.940625 0.000000 0.000000
0 -0.000000 12.450781 12.763892 0.000000 10.371192 9.940698 0.000000 0.000000
0 -0.000000 12.450768 12.763809 0.000000 10.371370 9.940816 0.000000 0.000000
0 -0.000000 12.450800 12.763773 0.000000 10.371577 9.940973 0.000000 0.000000
0 -0.000000 12.450873 12.763781 0.000000 10.371812 9.941170 0.000000 0.000000
0 -0.000000 12.450988 12.763826 0.000000 10.372075 9.941395 0.000000 0.000000
0 -0.000000 12.451134 12.763906 0.000000 10.372357 9.941650 0.000000 0.000000
0 -0.000000 12.451312 12.764017 0.000000 10.372658 9.941927 0.000000 0.000000
0 -0.000000 12.451512 12.764156 0.000000 10.372970 9.942226 0.000000 0.000000
0 -0.000000 12.451739 12.764318 0.000000 10.373297 9.942541 0.000000 0.000000
0 -0.000000 12.451982 12.764501 0.000000 10.373632 9.942870 0.000000 0.000000
0 -0.000000 12.426957 12.741233 0.000000 10.351789 9.917997 0.000000 0.000000
0 -0.000000 12.402043 12.718085 0.000000 10.330256 9.893456 0.000000 0.000000
0 -0.000000 12.377244 12.695058 0.000000 10.309044 9.869250 0.000000 0.000000
0 -0.000000 12.353635 12.674373 0.000000 10.285365 9.843631 0.000000 0.000000
0 -0.000000 12.329225 12.651745 0.000000 10.264590 9.819880 0.000000 0.000000
0 -0.000000 12.304935 12.629241 0.000000 10.244145 9.796481 0.000000 0.000000
0 -0.000000 12.280760 12.606862 0.000000 10.224033 9.773441 0.000000 0.000000
0 -0.000000 12.256705 12.584608 0.000000 10.204261 9.750762 0.000000 0.000000
0 -0.000000 12.232773 12.562480 0.000000 10.184833 9.728457 0.000000 0.000000
0 -0.000000 12.208962 12.540483 0.000000 10.165754 9.706531 0.000000 0.000000
0 -0.000000 12.185279 12.518613 0.000000 10.147034 9.684990 0.000000 0.000000
0 -0.000000 12.161720 12.496876 0.000000 10.128674 9.663843 0.000000 0.000000
0 -0.000000 12.138293 12.475272 0.000000 10.110681 9.643098 0.000000 0.000000
0 -0.000000 12.114996 12.453804 0.000000 10.093061 9.622762 0.000000 0.000000
0 -0.000000 12.091834 12.432473 0.000000 10.075823 9.602843 0.000000 0.000000
0 -0.000000 12.068809 12.411283 0.000000 10.058969 9.583350 0.000000 0.000000
0 -0.000000 12.045922 12.390234 0.000000 10.042507 9.564292 0.000000 0.000000
0 -0.000000 12.023178 12.369330 0.000000 10.026442 9.545674 0.000000 0.000000
0 -0.000000 12.000580 12.348573 0.000000 10.010781 9.527506 0.000000 0.000000
0 -0.000000 11.978129 12.327965 0.000000 9.995531 9.509798 0.000000 0.000000
0 -0.000000 11.955831 12.307510 0.000000 9.980697 9.492558 0.000000 0.000000
0 -0.000000 11.933687 12.287210 0.000000 9.966287 9.475793 0.000000 0.000000
0 -0.000000 11.911703 12.267070 0.000000 9.952306 9.459513 0.000000 0.000000
0 -0.000000 11.889878 12.247089 0.000000 9.938759 9.443725 0.000000 0.000000
0 -0.000000 11.868219 12.227272 0.000000 9.925653 9.428437 0.000000 0.000000
0 -0.000000 11.846730 12.207623 0.000000 9.912995 9.413657 0.000000 0.000000
0 -0.000000 11.825412 12.188141 0.000000 9.900788 9.399395 0.000000 0.000000
0 -0.000000 11.804269 12.168835 0.000000 9.889042 9.385657 0.000000 0.000000
0 -0.000000 11.783307 12.149702 0.000000 9.877759 9.372453 0.000000 0.000000
0 -0.000000 11.762527 12.130750 0.000000 9.866945 9.359787 0.000000 0.000000
0 -0.000000 11.741935 12.111981 0.000000 9.856606 9.347669 0.000000 0.000000
0 -0.000000 11.721533 12.093397 0.000000 9.846747 9.336104 0.000000 0.000000
0 -0.000000 11.701326 12.075003 0.000000 9.837374 9.325103 0.000000 0.000000
0 -0.000000 11.681318 12.056800 0.000000 9.828491 9.314669 0.000000 0.000000
0 -0.000000 11.670258 12.045893 0.000000 9.826533 9.311717 0.000000 0.000000
0 -0.000000 11.659162 12.034956 0.000000 9.824786 9.309033 0.000000 0.000000
0 -0.000000 11.648031 12.023984 0.000000 9.823254 9.306620 0.000000 0.000000
0 -0.000000 11.636868 12.012981 0.000000 9.821935 9.304479 0.000000 0.000000
0 -0.000000 11.625669 12.001947 0.000000 9.820829 9.302610 0.000000 0.000000
0 -0.000000 11.614436 11.990882 0.000000 9.819940 9.301015 0.000000 0.000000
0 -0.000000 11.603171 11.979784 0.000000 9.819265 9.299696 0.000000 0.000000
0 -0.000000 11.591871 11.968656 0.000000 9.818807 9.298652 0.000000 0.000000
0 -0.000000 11.580540 11.957494 0.000000 9.818564 9.297883 0.000000 0.000000
0 -0.000000 11.569173 11.946304 0.000000 9.818540 9.297391 0.000000 0.000000
0 -0.000000 11.557775 11.935081 0.000000 9.818733 9.297176 0.000000 0.000000
0 -0.000000 11.546344 11.923830 0.000000 9.819141 9.297238 0.000000 0.000000
0 -0.000000 11.534880 11.912546 0.000000 9.819769 9.297579 0.000000 0.000000
0 -0.000000 11.523383 11.901234 0.000000 9.820613 9.298200 0.000000 0.000000
0 -0.000000 11.511854 11.889890 0.000000 9.821677 9.299095 0.000000 0.000000
0 -0.000000 11.500293 11.878516 0.000000 9.822958 9.300270 0.000000 0.000000
0 -0.000000 11.488699 11.867114 0.000000 9.824455 9.301723 0.000000 0.000000
0 -0.000000 11.477074 11.855680 0.000000 9.826171 9.303454 0.000000 0.000000
0 -0.000000 11.465417 11.844216 0.000000 9.828105 9.305464 0.000000 0.000000
0 -0.000000 11.453729 11.832726 0.000000 9.830256 9.307750 0.000000 0.000000
0 -0.000000 11.442009 11.821203 0.000000 9.832622 9.310313 0.000000 0.000000
0 -0.000000 11.430259 11.809653 0.000000 9.835207 9.313152 0.000000 0.000000
0 -0.000000 11.418476 11.798073 0.000000 9.838007 9.316268 0.000000 0.000000
0 -0.000000 11.406662 11.786466 0.000000 9.841022 9.319657 0.000000 0.000000
0 -0.000000 11.394818 11.774828 0.000000 9.844254 9.323321 0.000000 0.000000
0 -0.000000 11.382944 11.763163 0.000000 9.847699 9.327260 0.000000 0.000000
0 -0.000000 11.371037 11.751469 0.000000 9.851359 9.331469 0.000000 0.000000
0 -0.000000 11.359100 11.739744 0.000000 9.855231 9.335950 0.000000 0.000000
0 -0.000000 11.347135 11.727994 0.000000 9.859317 9.340702 0.000000 0.000000
0 -0.000000 11.335137 11.716215 0.000000 9.863614 9.345722 0.000000 0.000000
0 -0.000000 11.323110 11.704407 0.000000 0.000000 0.000000 0.000000 0.000000
0 -0.000000 11.311052 11.692572 0.000000 0.000000 0.000000 0.000000 0.000000
0 -0.000000 11.298965 11.680708 0.000000 0.000000 0.000000 0.000000 0.000000
0 -0.000000 11.286847 11.668818 0.000000 0.000000 0.000000 0.000000 0.000000
0 -0.000000 11.274698 11.656899 0.000000 0.000000 0.000000 0.000000 0.000000
0 -0.000000 11.262523 11.644954 0.000000 0.000000 0.000000 0.000000 0.000000
0 -0.000000 11.250315 11.632980 0.000000 0.000000 0.000000 0.000000 0.000000
0 -0.000000 11.238078 11.620978 0.000000 0.000000 0.000000 0.000000 0.000000
0 -0.000000 11.225813 11.608951 0.000000 0.000000 0.000000 0.000000 0.000000
0 -0.000000 11.213517 11.596897 0.000000 0.000000 0.000000 0.000000 0.000000
0 -0.000000 11.201191 11.584814 0.000000 0.000000 0.000000 0.000000 0.000000
0 -0.000000 11.188837 11.572703 0.000000 0.000000 0.000000 0.000000 0.000000
0 -0.000000 11.176454 11.560568 0.000000 0.000000 0.000000 0.000000 0.000000
0 -0.000000 11.164041 11.548406 0.000000 0.000000 0.000000 0.000000 0.000000
0 -0.000000 11.151599 11.536216 0.000000 0.000000 0.000000 0.000000 0.000000
0 -0.000000 11.139128 11.523998 0.000000 0.000000 0.000000 0.000000 0.000000
0 -0.000000 11.126627 11.511756 0.000000 0.000000 0.000000 0.000000 0.000000
0 -0.000000 11.114097 11.499486 0.000000 0.000000 0.000000 0.000000 0.000000
0 -0.000000 11.101539 11.487189 0.000000 0.000000 0.000000 0.000000 0.000000
0 -0.000000 11.088951 11.474866 0.000000 0.000000 0.000000 0.000000 0.000000
0 -0.000000 11.076336 11.462518 0.000000 0.000000 0.000000 0.000000 0.000000
0 -0.000000 11.076334 11.462518 0.000000 0.000000 0.000000 0.000000 0.000000
0 -0.000000 11.076334 11.462518 0.000000 0.000000 0.000000 0.000000 0.000000
0 -0.000000 11.076333 11.462518 0.000000 0.000000 0.000000 0.000000 0.000000
0 -0.000000 11.076330 11.462516 0.000000 0.000000 0.000000 0.000000 0.000000
0 -0.000000 11.076328 11.462514 0.000000 0.000000 0.000000 0.000000 0.000000
0 -0.000000 11.076326 11.462514 0.000000 0.000000 0.000000 0.000000 0.000000
0 -0.000000 11.076325 11.462513 0.000000 0.000000 0.000000 0.000000 0.000000
0 -0.000000 11.076324 11.462511 0.000000 0.000000 0.000000 0.000000 0.000000
0 -0.000000 11.076321 11.462509 0.000000 0.000000 0.000000 0.000000 0.000000
0 -0.000000 11.076320 11.462508 0.000000 0.000000 0.000000 0.000000 0.000000
0 -0.000000 11.076317 11.462506 0.000000 0.000000 0.000000 0.000000 0.000000
0 -0.000000 11.076314 11.462504 0.000000 0.000000 0.000000 0.000000 0.000000
0 -0.000000 11.076312 11.462502 0.000000 0.000000 0.000000 0.000000 0.000000
0 -0.000000 11.076310 11.462501 0.000000 0.000000 0.000000 0.000000 0.000000
0 -0.000000 11.076308 11.462500 0.000000 0.000000 0.000000 0.000000 0.000000
0 -0.000000 11.076305 11.462498 0.000000 0.000000 0.000000 0.000000 0.000000
0 -0.000000 11.076304 11.462496 0.000000 0.000000 0.000000 0.000000 0.000000
0 -0.000000 11.076302 11.462493 0.000000 0.000000 0.000000 0.000000 0.000000
0 -0.000000 11.067933 11.447183 0.000000 0.000000 0.000000 0.000000 0.000000
0 -0.000000 11.067930 11.447181 0.000000 0.000000 0.000000 0.000000 0.000000
0 -0.000000 11.067929 11.447179 0.000000 0.000000 0.000000 0.000000 0.000000
0 -0.000000 11.067927 11.447177 0.000000 0.000000 0.000000 0.000000 0.000000
0 -0.000000 11.067924 11.447176 0.000000 0.000000 0.000000 0.000000 0.000000
0 -0.000000 11.067923 11.447174 0.000000 0.000000 0.000000 0.000000 0.000000
0 -0.000000 11.067921 11.447172 0.000000 0.000000 0.000000 0.000000 0.000000
0 -0.000000 11.067918 11.447170 0.000000 0.000000 0.000000 0.000000 0.000000
0 -0.000000 11.067917 11.447169 0.000000 0.000000 0.000000 0.000000 0.000000
0 -0.000000 11.067914 11.447167 0.000000 0.000000 0.000000 0.000000 0.000000
0 -0.000000 11.067911 11.447165 0.000000 0.000000 0.000000 0.000000 0.000000
0 -0.000000 11.067909 11.447163 0.000000 0.000000 0.000000 0.000000 0.000000
0 -0.000000 11.067907 11.447161 0.000000 0.000000 0.000000 0.000000 0.000000
0 -0.000000 11.067905 11.447159 0.000000 0.000000 0.000000 0.000000 0.000000
0 -0.000000 11.067904 11.447157 0.000000 0.000000 0.000000 0.000000 0.000000
0 -0.000000 11.067902 11.447156 0.000000 0.000000 0.000000 0.000000 0.000000
0 -0.000000 11.067901 11.447154 0.000000 0.000000 0.000000 0.000000 0.000000
0 -0.000000 11.067900 11.447152 0.000000 0.000000 0.000000 0.000000 0.000000
0 -0.000000 11.067898 11.447152 0.000000 0.000000 0.000000 0.000000 0.000000
0 -0.000000 11.067897 11.447150 0.000000 0.000000 0.000000 0.000000 0.000000
0 -0.000000 11.067896 11.447149 0.000000 0.000000 0.000000 0.000000 0.000000
0 -0.000000 11.067894 11.447148 0.000000 0.000000 0.000000 0.000000 0.000000
0 -0.000000 11.067893 11.447147 0.000000 0.000000 0.000000 0.000000 0.000000
0 -0.000000 11.067892 11.447147 0.000000 0.000000 0.000000 0.000000 0.000000
0 -0.000000 11.067890 11.447145 0.000000 0.000000 0.000000 0.000000 0.000000
0 -0.000000 11.067889 11.447145 0.000000 0.000000 0.000000 0.000000 0.000000
0 -0.000000 11.067889 11.447144 0.000000 0.000000 0.000000 0.000000 0.000000
0 -0.000000 11.067888 11.447143 0.000000 0.000000 0.000000 0.000000 0.000000
0 -0.000000 11.067886 11.447142 0.000000 0.000000 0.000000 0.000000 0.000000
0 -0.000000 11.067885 11.447142 0.000000 0.000000 0.000000 0.000000 0.000000
0 -0.000000 11.067884 11.447141 0.000000 0.000000 0.000000 0.000000 0.000000
0 -0.000000 11.067884 11.447139 0.000000 0.000000 0.000000 0.000000 0.000000
0 -0.000000 11.067883 11.447139 0.000000 0.000000 0.000000 0.000000 0.000000
0 -0.000000 11.067882 11.447139 0.000000 0.000000 0.000000 0.000000 0.000000
0 -0.000000 11.067881 11.447137 0.000000 0.000000 0.000000 0.000000 0.000000
0 -0.000000 11.067881 11.447136 0.000000 0.000000 0.000000 0.000000 0.000000
0 -0.000000 11.067881 11.447136 -0.000000 0.000000 0.000000 0.000000 0.000000
0 -0.000000 11.067880 11.447135 -0.000000 0.000000 0.000000 0.000000 0.000000
0 -0.000000 11.067880 11.447135 -0.000000 0.000000 0.000000 0.000000 0.000000
0 -0.000000 11.067880 11.447135 -0.000000 0.000000 0.000000 0.000000 0.000000
0 -0.000000 11.067880 11.447135 -0.000000 0.000000 0.000000 0.000000 0.000000
0 -0.000000 11.067880 11.447135 -0.000000 0.000000 0.000000 0.000000 0.000000
0 -0.000000 11.067880 11.447135 -0.000000 0.000000 0.000000 0.000000 0.000000
0 -0.000000 11.067880 11.447135 -0.000000 0.000000 0.000000 0.000000 0.000000
0 -0.000000 11.067880 11.447135 -0.000000 0.000000 0.000000 0.000000 0.000000
0 -0.000000 11.067880 11.447135 -0.000000 0.000000 0.000000 0.000000 0.000000
0 -0.000000 11.067880 11.447135 -0.000000 0.000000 0.000000 0.000000 0.000000
0 -0.000000 11.067880 11.447135 -0.000000 0.000000 0.000000 0.000000 0.000000
0 -0.000000 11.067880 11.447135 -0.000000 0.000000 0.000000 0.000000 0.000000
0 -0.000000 11.067880 11.447135 -0.000000 0.000000 0.000000 0.000000 0.000000
0 -0.000000 11.067880 11.447135 -0.000000 0.000000 0.000000 0.000000 0.000000
0 -0.000000 11.067880 11.447135 -0.000000 0.000000 0.000000 0.000000 0.000000
0 -0.000000 11.067880 11.447135 -0.000000 0.000000 0.000000 0.000000 0.000000
0 -0.000000 11.067880 11.447135 -0.000000 0.000000 0.000000 0.000000 0.000000
0 -0.000000 11.067880 11.447135 -0.000000 0.000000 0.000000 0.000000 0.000000
0 -0.000000 11.067880 11.447135 -0.000000 0.000000 0.000000 0.000000 0.000000
0 -0.000000 11.067880 11.447135 -0.000000 0.000000 0.000000 0.000000 0.000000
0 -0.000000 11.067880 11.447135 -0.000000 0.000000 0.000000 0.000000 0.000000
0 -0.000000 11.067880 11.447135 -0.000000 0.000000 0.000000 0.000000 0.000000
0 -0.000000 11.067880 11.447135 -0.000000 0.000000 0.000000 0.000000 0.000000
0 -0.000000 11.067880 11.447135 -0.000000 0.000000 0.000000 0.000000 0.000000
0 -0.000000 11.067880 11.447135 -0.000000 0.000000 0.000000 0.000000 0.000000
0 -0.000000 11.067880 11.447135 -0.000000 0.000000 0.000000 0.000000 0.000000
0 -0.000000 11.067880 11.447135 -0.000000 0.000000 0.000000 0.000000 0.000000
0 -0.000000 11.067880 11.447135 -0.000000 0.000000 0.000000 0.000000 0.000000
0 -0.000000 11.067880 11.447135 -0.000000 0.000000 0.000000 0.000000 0.000000
0 -0.000000 11.067880 11.447135 -0.000000 0.000000 0.000000 0.000000 0.000000
0 -0.000000 11.067880 11.447135 -0.000000 0.000000 0.000000 0.000000 0.000000
0 -0.000000 11.067880 11.447135 -0.000000 0.000000 0.000000 0.000000 0.000000
0 -0.000000 11.067880 11.447135 -0.000000 0.000000 0.000000 0.000000 0.000000
0 -0.000000 11.067880 11.447135 -0.000000 0.000000 0.000000 0.000000 0.000000
0 -0.000000 11.067880 11.447135 -0.000000 0.000000 0.000000 0.000000 0.000000
0 -0.000000 11.067880 11.447135 -0.000000 0.000000 0.000000 0.000000 0.000000
0 -0.000000 11.067880 11.447135 -0.000000 0.000000 0.000000 0.000000 0.000000
0 -0.000000 11.067880 11.447135 -0.000000 0.000000 0.000000 0.000000 0.000000
0 -0.000000 11.067880 11.447135 -0.000000 0.000000 0.000000 0.000000 0.000000
0 -0.000000 11.067880 11.447135 -0.000000 0.000000 0.000000 0.000000 0.000000
0 -0.000000 11.067880 11.447135 -0.000000 0.000000 0.000000 0.000000 0.000000
0 -0.000000 11.067880 11.447135 -0.000000 0.000000 0.000000 0.000000 0.000000
0 -0.000000 11.067880 11.447135 -0.000000 0.000000 0.000000 0.000000 0.000000
0 -0.000000 11.067880 11.447135 -0.000000 0.000000 0.000000 0.000000 0.000000
0 -0.000000 11.067880 11.447135 -0.000000 0.000000 0.000000 0.000000 0.000000
0 -0.000000 11.067880 11.447135 -0.000000 0.000000 0.000000 0.000000 0.000000
0 -0.000000 11.067880 11.447135 -0.000000 0.000000 0.000000 0.000000 0.000000
0 -0.000000 11.067880 11.447135 -0.000000 0.000000 0.000000 0.000000 0.000000
0 -0.000000 11.067880 11.447135 -0.000000 0.000000 0.000000 0.000000 0.000000
0 -0.000000 11.067880 11.447135 -0.000000 0.000000 0.000000 0.000000 0.000000
0 -0.000000 11.067880 11.447135 -0.000000 0.000000 0.000000 0.000000 0.000000
0 -0.000000 11.067880 11.447135 -0.000000 0.000000 0.000000 0.000000 0.000000
0 -0.000000 11.067880 11.447135 -0.000000 0.000000 0.000000 0.000000 0.000000
0 -0.000000 11.067880 11.447135 -0.000000 0.000000 0.000000 0.000000 0.000000
0 -0.000000 11.067880 11.447135 -0.000000 0.000000 0.000000 0.000000 0.000000
0 -0.000000 11.067880 11.447135 -0.000000 0.000000 0.000000 0.000000 0.000000
0 -0.000000 11.067880 11.447135 -0.000000 0.000000 0.000000 0.000000 0.000000
0 -0.000000 11.067880 11.447135 -0.000000 0.000000 0.000000 0.000000 0.000000
0 -0.000000 11.067880 11.447135 -0.000000 0.000000 0.000000 0.000000 0.000000
0 -0.000000 11.067880 11.447135 -0.000000 0.000000 0.000000 0.000000 0.000000
0 -0.000000 11.067880 11.447135 -0.000000 0.000000 0.000000 0.000000 0.000000
0 -0.000000 11.067880 11.447135 -0.000000 0.000000 0.000000 0.000000 0.000000
0 -0.000000 11.067880 11.447135 -0.000000 0.000000 0.000000 0.000000 0.000000
0 -0.000000 11.066463 11.444458 -0.000000 0.000000 0.000000 0.000000 0.000000
0 -0.000000 11.066463 11.444458 -0.000000 0.000000 0.000000 0.000000 0.000000
0 -0.000000 11.066463 11.444458 -0.000000 0.000000 0.000000 0.000000 0.000000
0 -0.000000 11.066463 11.444458 -0.000000 0.000000 0.000000 0.000000 0.000000
0 -0.000000 11.066463 11.444458 -0.000000 0.000000 0.000000 0.000000 0.000000
0 -0.000000 11.066463 11.444458 -0.000000 0.000000 0.000000 0.000000 0.000000
0 -0.000000 11.066463 11.444458 -0.000000 0.000000 0.000000 0.000000 0.000000
0 -0.000000 11.066463 11.444458 -0.000000 0.000000 0.000000 0.000000 0.000000
0 -0.000000 11.066463 11.444458 -0.000000 0.000000 0.000000 0.000000 0.000000
0 -0.000000 11.066463 11.444458 -0.000000 0.000000 0.000000 0.000000 0.000000
0 -0.000000 11.066463 11.444458 -0.000000 0.000000 0.000000 0.000000 0.000000
0 -0.000000 11.066463 11.444458 -0.000000 0.000000 0.000000 0.000000 0.000000
0 -0.000000 11.066463 11.444458 -0.000000 0.000000 0.000000 0.000000 0.000000
0 -0.000000 11.066463 11.444458 -0.000000 0.000000 0.000000 0.000000 0.000000
0 -0.000000 11.066463 11.444458 -0.000000 0.000000 0.000000 0.000000 0.000000
0 -0.000000 11.066463 11.444458 -0.000000 0.000000 0.000000 0.000000 0.000000
0 -0.000000 11.066463 11.444458 -0.000000 0.000000 0.000000 0.000000 0.000000
0 -0.000000 11.066463 11.444458 -0.000000 0.000000 0.000000 0.000000 0.000000
0 -0.000000 11.066463 11.444458 -0.000000 0.000000 0.000000 0.000000 0.000000
0 -0.000000 11.066463 11.444458 -0.000000 0.000000 0.000000 0.000000 0.000000
0 -0.000000 11.066463 11.444458 -0.000000 0.000000 0.000000 0.000000 0.000000
0 -0.000000 11.066463 11.444458 -0.000000 0.000000 0.000000 0.000000 0.000000
0 -0.000000 11.066463 11.444458 -0.000000 0.000000 0.000000 0.000000 0.000000
0 -0.000000 11.066463 11.444458 -0.000000 0.000000 0.000000 0.000000 0.000000
0 -0.000000 11.066463 11.444458 -0.000000 0.000000 0.000000 0.000000 0.000000
0 -0.000000 11.066463 11.444458 -0.000000 0.000000 0.000000 0.000000 0.000000
0 -0.000000 11.066463 11.444458 0.000000 0.000000 0.000000 0.000000 0.000000
0 -0.000000 11.066463 11.444458 0.000000 0.000000 0.000000 0.000000 0.000000
0 -0.000000 11.066463 11.444458 0.000000 0.000000 0.000000 0.000000 0.000000
0 -0.000000 11.066463 11.444458 0.000000 0.000000 0.000000 0.000000 0.000000
0 -0.000000 11.066463 11.444458 0.000000 0.000000 0.000000 0.000000 0.000000
0 -0.000000 11.066463 11.444458 0.000000 0.000000 0.000000 0.000000 0.000000
0 -0.000000 11.066463 11.444458 0.000000 0.000000 0.000000 0.000000 0.000000
0 -0.000000 11.066463 11.444458 0.000000 0.000000 0.000000 0.000000 0.000000
0 -0.000000 11.066463 11.444458 0.000000 0.000000 0.000000 0.000000 0.000000
0 -0.000000 11.066463 11.444458 0.000000 0.000000 0.000000 0.000000 0.000000
0 -0.000000 11.066463 11.444458 0.000000 0.000000 0.000000 0.000000 0.000000
0 -0.000000 11.066463 11.444458 0.000000 0.000000 0.000000 0.000000 0.000000
0 -0.000000 11.066463 11.444458 0.000000 0.000000 0.000000 0.000000 0.000000
0 -0.000000 11.066463 11.444458 0.000000 0.000000 0.000000 0.000000 0.000000
0 -0.000000 11.066463 11.444458 0.000000 0.000000 0.000000 0.000000 0.000000
0 -0.000000 11.066463 11.444458 0.000000 0.000000 0.000000 0.000000 0.000000
0 -0.000000 11.066463 11.444458 0.000000 0.000000 0.000000 0.000000 0.000000
0 -0.000000 11.066463 11.444458 0.000000 0.000000 0.000000 0.000000 0.000000
0 -0.000000 11.066463 11.444458 0.000000 0.000000 0.000000 0.000000 0.000000
0 -0.000000 11.066463 11.444458 0.000000 0.000000 0.000000 0.000000 0.000000
0 -0.000000 11.066463 11.444458 0.000000 0.000000 0.000000 0.000000 0.000000
0 -0.000000 11.066463 11.444458 0.000000 0.000000 0.000000 0.000000 0.000000
0 -0.000000 11.066463 11.444458 0.000000 0.000000 0.000000 0.000000 0.000000
0 -0.000000 11.066463 11.444458 0.000000 0.000000 0.000000 0.000000 0.000000
0 -0.000000 11.066463 11.444458 0.000000 0.000000 0.000000 0.000000 0.000000
0 -0.000000 11.066463 11.444458 0.000000 0.000000 0.000000 0.000000 0.000000
0 -0.000000 11.066463 11.444458 0.000000 0.000000 0.000000 0.000000 0.000000
0 -0.000000 11.066463 11.444458 0.000000 0.000000 0.000000 0.000000 0.000000
0 -0.000000 11.066463 11.444458 0.000000 0.000000 0.000000 0.000000 0.000000
0 -0.000000 11.066463 11.444458 0.000000 0.000000 0.000000 0.000000 0.000000
0 -0.000000 11.066463 11.444458 0.000000 0.000000 0.000000 0.000000 0.000000
0 -0.000000 11.066463 11.444458 0.000000 0.000000 0.000000 0.000000 0.000000
0 -0.000000 11.066463 11.444458 0.000000 0.000000 0.000000 0.000000 0.000000
0 -0.000000 11.066463 11.444458 0.000000 0.000000 0.000000 0.000000 0.000000
0 -0.000000 11.066463 11.444458 0.000000 0.000000 0.000000 0.000000 0.000000
0 -0.000000 11.066463 11.444458 0.000000 0.000000 0.000000 0.000000 0.000000
0 -0.000000 11.066463 11.444458 0.000000 0.000000 0.000000 0.000000 0.000000
0 -0.000000 11.066463 11.444458 0.000000 0.000000 0.000000 0.000000 0.000000
0 -0.000000 11.066463 11.444458 0.000000 0.000000 0.000000 0.000000 0.000000
0 -0.000000 11.066463 11.444458 0.000000 0.000000 0.000000 0.000000 0.000000
0 -0.000000 11.066463 11.444458 0.000000 0.000000 0.000000 0.000000 0.000000
0 -0.000000 11.066463 11.444458 0.000000 0.000000 0.000000 0.000000 0.000000
0 -0.000000 11.066463 11.444458 0.000000 0.000000 0.000000 0.000000 0.000000
0 -0.000000 11.066463 11.444458 0.000000 0.000000 0.000000 0.000000 0.000000
0 -0.000000 11.066463 11.444458 0.000000 0.000000 0.000000 0.000000 0.000000
0 -0.000000 11.066463 11.444458 0.000000 0.000000 0.000000 0.000000 0.000000
0 -0.000000 11.066463 11.444458 0.000000 0.000000 0.000000 0.000000 0.000000
0 -0.000000 11.066463 11.444458 0.000000 0.000000 0.000000 0.000000 0.000000
0 -0.000000 11.066463 11.444458 0.000000 0.000000 0.000000 0.000000 0.000000
0 -0.000000 11.066463 11.444458 0.000000 0.000000 0.000000 0.000000 0.000000
0 -0.000000 11.066463 11.444458 0.000000 0.000000 0.000000 0.000000 0.000000
0 -0.000000 11.066463 11.444458 0.000000 0.000000 0.000000 0.000000 0.000000
0 -0.000000 11.066463 11.444458 0.000000 0.000000 0.000000 0.000000 0.000000
0 -0.000000 11.066463 11.444458 0.000000 0.000000 0.000000 0.000000 0.000000
0 -0.000000 11.066463 11.444458 0.000000 0.000000 0.000000 0.000000 0.000000
0 -0.000000 11.066463 11.444458 0.000000 0.000000 0.000000 0.000000 0.000000
0 -0.000000 11.066463 11.444458 0.000000 0.000000 0.000000 0.000000 0.000000
0 -0.000000 11.066463 11.444458 0.000000 0.000000 0.000000 0.000000 0.000000
0 -0.000000 11.066463 11.444458 0.000000 0.000000 0.000000 0.000000 0.000000
0 -0.000000 11.066463 11.444458 0.000000 0.000000 0.000000 0.000000 0.000000
0 -0.000000 11.066463 11.444458 0.000000 0.000000 0.000000 0.000000 0.000000
0 -0.000000 11.066463 11.444458 0.000000 0.000000 0.000000 0.000000 0.000000
0 -0.000000 11.066463 11.444458 0.000000 0.000000 0.000000 0.000000 0.000000
0 -0.000000 11.066463 11.444458 0.000000 0.000000 0.000000 0.000000 0.000000
0 -0.000000 11.066463 11.444458 0.000000 0.000000 0.000000 0.000000 0.000000
0 -0.000000 11.066463 11.444458 0.000000 0.000000 0.000000 0.000000 0.000000
0 -0.000000 11.066463 11.444458 0.000000 0.000000 0.000000 0.000000 0.000000
0 -0.000000 11.066463 11.444458 0.000000 0.000000 0.000000 0.000000 0.000000
0 -0.000000 11.066463 11.444458 0.000000 0.000000 0.000000 0.000000 0.000000
0 -0.000000 11.066463 11.444458 0.000000 0.000000 0.000000 0.000000 0.000000
0 -0.000000 11.066463 11.444458 0.000000 0.000000 0.000000 0.000000 0.000000
0 -0.000000 11.066463 11.444458 0.000000 0.000000 0.000000 0.000000 0.000000
0 -0.000000 11.066463 11.444458 0.000000 0.000000 0.000000 0.000000 0.000000
0 -0.000000 11.066463 11.444458 0.000000 0.000000 0.000000 0.000000 0.000000
0 -0.000000 11.089831 11.485739 0.000000 0.000000 0.000000 0.000000 0.000000
0 -0.000000 11.089831 11.485739 0.000000 0.000000 0.000000 0.000000 0.000000
0 -0.000000 11.089831 11.485739 0.000000 0.000000 0.000000 0.000000 0.000000
0 -0.000000 11.089831 11.485739 0.000000 0.000000 0.000000 0.000000 0.000000
0 -0.000000 11.089831 11.485739 0.000000 0.000000 0.000000 0.000000 0.000000
0 -0.000000 11.089831 11.485739 0.000000 0.000000 0.000000 0.000000 0.000000
0 -0.000000 11.089831 11.485739 0.000000 0.000000 0.000000 0.000000 0.000000
0 -0.000000 11.089831 11.485739 0.000000 0.000000 0.000000 0.000000 0.000000
0 -0.000000 11.089831 11.485739 0.000000 0.000000 0.000000 0.000000 0.000000
0 -0.000000 11.089831 11.485739 0.000000 0.000000 0.000000 0.000000 0.000000
0 -0.000000 11.089831 11.485739 0.000000 0.000000 0.000000 0.000000 0.000000
0 -0.000000 11.089831 11.485739 0.000000 0.000000 0.000000 0.000000 0.000000
0 -0.000000 11.089831 11.485739 0.000000 0.000000 0.000000 0.000000 0.000000
0 -0.000000 11.089831 11.485739 0.000000 0.000000 0.000000 0.000000 0.000000
0 -0.000000 11.089831 11.485739 0.000000 0.000000 0.000000 0.000000 0.000000
0 -0.000000 11.089831 11.485739 0.000000 0.000000 0.000000 0.000000 0.000000
0 -0.000000 11.089831 11.485739 0.000000 0.000000 0.000000 0.000000 0.000000
0 -0.000000 11.089831 11.485739 -0.000000 0.000000 0.000000 0.000000 0.000000
0 -0.000000 11.089831 11.485739 -0.000000 0.000000 0.000000 0.000000 0.000000
0 -0.000000 11.089831 11.485739 -0.000000 0.000000 0.000000 0.000000 0.000000
0 -0.000000 11.089831 11.485739 -0.000000 0.000000 0.000000 0.000000 0.000000
0 -0.000000 11.089831 11.485739 -0.000000 0.000000 0.000000 0.000000 0.000000
0 -0.000000 11.089831 11.485739 -0.000000 0.000000 0.000000 0.000000 0.000000
0 -0.000000 11.089831 11.485739 -0.000000 0.000000 0.000000 0.000000 0.000000
0 -0.000000 11.089831 11.485739 -0.000000 0.000000 0.000000 0.000000 0.000000
0 -0.000000 11.089831 11.485739 -0.000000 0.000000 0.000000 0.000000 0.000000
0 -0.000000 11.089831 11.485739 -0.000000 0.000000 0.000000 0.000000 0.000000
0 -0.000000 11.089831 11.485739 -0.000000 0.000000 0.000000 0.000000 0.000000
0 -0.000000 11.089831 11.485739 -0.000000 0.000000 0.000000 0.000000 0.000000
0 -0.000000 11.089831 11.485739 -0.000000 0.000000 0.000000 0.000000 0.000000
0 -0.000000 11.089831 11.485739 -0.000000 0.000000 0.000000 0.000000 0.000000
0 -0.000000 11.089831 11.485739 -0.000000 0.000000 0.000000 0.000000 0.000000
0 -0.000000 11.089831 11.485739 -0.000000 0.000000 0.000000 0.000000 0.000000
0 -0.000000 11.089831 11.485739 -0.000000 0.000000 0.000000 0.000000 0.000000
0 -0.000000 11.089831 11.485739 -0.000000 0.000000 0.000000 0.000000 0.000000
0 -0.000000 11.089831 11.485739 -0.000000 0.000000 0.000000 0.000000 0.000000
0 -0.000000 11.089831 11.485739 -0.000000 0.000000 0.000000 0.000000 0.000000
0 -0.000000 11.089831 11.485739 -0.000000 0.000000 0.000000 0.000000 0.000000
0 -0.000000 11.089831 11.485739 -0.000000 0.000000 0.000000 0.000000 0.000000
0 -0.000000 11.089831 11.485739 -0.000000 0.000000 0.000000 0.000000 0.000000
0 -0.000000 11.089831 11.485739 -0.000000 0.000000 0.000000 0.000000 0.000000
0 -0.000000 11.089831 11.485739 -0.000000 0.000000 0.000000 0.000000 0.000000
0 -0.000000 11.089831 11.485739 -0.000000 0.000000 0.000000 0.000000 0.000000
0 -0.000000 11.089831 11.485739 -0.000000 0.000000 0.000000 0.000000 0.000000
0 -0.000000 11.089831 11.485739 -0.000000 0.000000 0.000000 0.000000 0.000000
0 -0.000000 11.089831 11.485739 -0.000000 0.000000 0.000000 0.000000 0.000000
0 -0.000000 11.089831 11.485739 -0.000000 0.000000 0.000000 0.000000 0.000000
0 -0.000000 11.089831 11.485739 -0.000000 0.000000 0.000000 0.000000 0.000000
0 -0.000000 11.089831 11.485739 -0.000000 0.000000 0.000000 0.000000 0.000000
0 -0.000000 11.089831 11.485739 -0.000000 0.000000 0.000000 0.000000 0.000000
0 -0.000000 11.089831 11.485739 -0.000000 0.000000 0.000000 0.000000 0.000000
0 -0.000000 11.089831 11.485739 -0.000000 0.000000 0.000000 0.000000 0.000000
0 -0.000000 11.089831 11.485739 -0.000000 0.000000 0.000000 0.000000 0.000000
0 -0.000000 11.089831 11.485739 -0.000000 0.000000 0.000000 0.000000 0.000000
0 -0.000000 11.089831 11.485739 -0.000000 0.000000 0.000000 0.000000 0.000000
0 -0.000000 11.089831 11.485739 -0.000000 0.000000 0.000000 0.000000 0.000000
0 -0.000000 11.089831 11.485739 -0.000000 0.000000 0.000000 0.000000 0.000000
0 -0.000000 11.089831 11.485739 -0.000000 0.000000 0.000000 0.000000 0.000000
0 -0.000000 11.089831 11.485739 -0.000000 0.000000 0.000000 0.000000 0.000000
0 -0.000000 11.089831 11.485739 -0.000